2.656000000000000139e+00
2.648000000000000131e+00
2.641000000000000014e+00
2.633999999999999897e+00
2.629000000000000004e+00
2.624000000000000110e+00
2.619000000000000217e+00
2.615000000000000213e+00
2.611000000000000210e+00
2.608000000000000096e+00
2.604999999999999982e+00
2.600999999999999979e+00
2.597999999999999865e+00
2.596000000000000085e+00
2.592999999999999972e+00
2.589999999999999858e+00
2.587000000000000188e+00
2.584000000000000075e+00
2.580999999999999961e+00
2.577999999999999847e+00
2.575000000000000178e+00
2.572000000000000064e+00
2.568999999999999950e+00
2.564999999999999947e+00
2.561999999999999833e+00
2.557999999999999829e+00
2.553999999999999826e+00
2.549999999999999822e+00
2.544999999999999929e+00
2.540000000000000036e+00
2.535000000000000142e+00
2.529999999999999805e+00
2.524000000000000021e+00
2.517999999999999794e+00
2.512000000000000011e+00
2.505999999999999783e+00
2.499000000000000110e+00
2.491999999999999993e+00
2.484999999999999876e+00
2.478000000000000203e+00
2.470000000000000195e+00
2.463000000000000078e+00
2.455000000000000071e+00
2.447000000000000064e+00
2.439000000000000057e+00
2.430000000000000160e+00
2.420999999999999819e+00
2.411999999999999922e+00
2.402000000000000135e+00
2.391999999999999904e+00
2.382000000000000117e+00
2.371999999999999886e+00
2.361000000000000210e+00
2.350999999999999979e+00
2.338999999999999968e+00
2.327999999999999847e+00
2.315999999999999837e+00
2.305000000000000160e+00
2.293000000000000149e+00
2.281000000000000139e+00
2.269000000000000128e+00
2.257000000000000117e+00
2.244000000000000217e+00
2.232000000000000206e+00
2.218999999999999861e+00
2.205999999999999961e+00
2.193000000000000060e+00
2.180000000000000160e+00
2.165999999999999925e+00
2.152000000000000135e+00
2.138999999999999790e+00
2.124000000000000110e+00
2.109999999999999876e+00
2.096000000000000085e+00
2.081999999999999851e+00
2.067000000000000171e+00
2.052000000000000046e+00
2.036999999999999922e+00
2.023000000000000131e+00
2.008000000000000007e+00
1.993000000000000105e+00
1.977999999999999980e+00
1.963000000000000078e+00
1.947999999999999954e+00
1.933000000000000052e+00
1.917999999999999927e+00
1.901999999999999913e+00
1.887000000000000011e+00
1.872000000000000108e+00
1.856000000000000094e+00
1.842000000000000082e+00
1.826999999999999957e+00
1.812999999999999945e+00
1.800000000000000044e+00
1.788000000000000034e+00
1.776000000000000023e+00
1.764000000000000012e+00
1.754000000000000004e+00
1.743000000000000105e+00
1.733000000000000096e+00
1.723999999999999977e+00
1.715000000000000080e+00
1.705999999999999961e+00
1.697999999999999954e+00
1.689000000000000057e+00
1.681000000000000050e+00
1.673000000000000043e+00
1.665000000000000036e+00
1.655999999999999917e+00
1.647000000000000020e+00
1.637000000000000011e+00
1.627999999999999892e+00
1.618999999999999995e+00
1.608999999999999986e+00
1.600000000000000089e+00
1.590000000000000080e+00
1.580000000000000071e+00
1.570999999999999952e+00
1.562000000000000055e+00
1.554000000000000048e+00
1.546999999999999931e+00
1.540999999999999925e+00
1.536000000000000032e+00
1.532000000000000028e+00
1.528000000000000025e+00
1.524999999999999911e+00
1.522000000000000020e+00
1.518999999999999906e+00
1.516999999999999904e+00
1.514000000000000012e+00
1.512000000000000011e+00
1.510000000000000009e+00
1.506999999999999895e+00
1.504000000000000004e+00
1.500000000000000000e+00
1.495999999999999996e+00
1.489999999999999991e+00
1.483000000000000096e+00
1.475000000000000089e+00
1.465999999999999970e+00
1.455999999999999961e+00
1.445999999999999952e+00
1.435999999999999943e+00
1.425000000000000044e+00
1.413000000000000034e+00
1.401000000000000023e+00
1.387999999999999901e+00
1.375000000000000000e+00
1.360999999999999988e+00
1.346999999999999975e+00
1.332999999999999963e+00
1.320000000000000062e+00
1.306000000000000050e+00
1.294000000000000039e+00
1.282000000000000028e+00
1.270000000000000018e+00
1.258999999999999897e+00
1.249000000000000110e+00
1.239000000000000101e+00
1.229999999999999982e+00
1.221000000000000085e+00
1.213000000000000078e+00
1.205999999999999961e+00
1.199999999999999956e+00
1.193999999999999950e+00
1.189000000000000057e+00
1.183999999999999941e+00
1.179000000000000048e+00
1.173999999999999932e+00
1.328999999999999959e+00
1.433999999999999941e+00
1.701999999999999957e+00
1.881000000000000005e+00
2.016000000000000014e+00
2.137000000000000011e+00
2.744000000000000217e+00
3.193999999999999950e+00
3.539000000000000146e+00
3.847999999999999865e+00
4.200000000000000178e+00
4.597000000000000419e+00
5.036999999999999922e+00
5.514000000000000234e+00
6.019999999999999574e+00
6.544999999999999929e+00
7.078999999999999737e+00
7.610999999999999766e+00
8.131000000000000227e+00
8.630000000000000782e+00
9.096999999999999531e+00
9.526999999999999247e+00
9.913000000000000256e+00
1.025000000000000000e+01
1.053999999999999915e+01
1.077999999999999936e+01
1.096000000000000085e+01
1.109999999999999964e+01
1.117999999999999972e+01
1.122000000000000064e+01
1.121000000000000085e+01
1.116000000000000014e+01
1.107000000000000028e+01
1.094999999999999929e+01
1.078999999999999915e+01
1.060999999999999943e+01
1.040000000000000036e+01
1.017999999999999972e+01
9.936999999999999389e+00
9.683999999999999275e+00
9.422000000000000597e+00
9.153999999999999915e+00
8.881000000000000227e+00
8.606999999999999318e+00
8.330999999999999517e+00
8.057000000000000384e+00
7.785000000000000142e+00
7.516000000000000014e+00
7.250000000000000000e+00
6.990999999999999659e+00
6.735999999999999766e+00
6.488999999999999879e+00
6.248000000000000220e+00
6.014999999999999680e+00
5.790000000000000036e+00
5.573000000000000398e+00
5.365000000000000213e+00
5.166000000000000369e+00
4.977000000000000313e+00
4.796000000000000263e+00
4.625000000000000000e+00
4.463000000000000078e+00
4.309999999999999609e+00
4.166000000000000369e+00
4.030000000000000249e+00
3.903000000000000025e+00
3.783999999999999808e+00
3.670999999999999819e+00
3.564999999999999947e+00
3.466000000000000192e+00
3.371999999999999886e+00
3.282999999999999918e+00
3.198999999999999844e+00
3.119000000000000217e+00
3.043000000000000149e+00
2.971000000000000085e+00
2.903000000000000025e+00
2.837000000000000188e+00
2.774000000000000021e+00
2.713999999999999968e+00
2.657000000000000028e+00
2.601999999999999869e+00
2.549999999999999822e+00
2.500000000000000000e+00
2.451999999999999957e+00
2.406000000000000139e+00
2.361000000000000210e+00
2.318999999999999950e+00
2.277000000000000135e+00
2.237999999999999989e+00
2.200000000000000178e+00
2.162999999999999812e+00
2.128000000000000114e+00
2.095000000000000195e+00
2.063000000000000167e+00
2.032000000000000028e+00
2.003000000000000114e+00
1.973999999999999977e+00
1.947000000000000064e+00
1.921000000000000041e+00
1.897000000000000020e+00
1.872999999999999998e+00
1.850000000000000089e+00
1.828000000000000069e+00
1.808000000000000052e+00
1.788000000000000034e+00
1.768999999999999906e+00
1.750000000000000000e+00
1.731000000000000094e+00
1.713000000000000078e+00
1.695999999999999952e+00
1.679000000000000048e+00
1.663000000000000034e+00
1.649000000000000021e+00
1.635999999999999899e+00
1.625000000000000000e+00
1.616000000000000103e+00
1.610999999999999988e+00
1.606999999999999984e+00
1.606999999999999984e+00
1.610999999999999988e+00
1.616999999999999993e+00
1.627000000000000002e+00
1.639999999999999902e+00
1.655999999999999917e+00
1.673999999999999932e+00
1.693999999999999950e+00
1.717000000000000082e+00
1.739999999999999991e+00
1.762999999999999901e+00
1.786999999999999922e+00
1.810000000000000053e+00
1.832000000000000073e+00
1.852000000000000091e+00
1.868999999999999995e+00
1.885000000000000009e+00
1.897000000000000020e+00
1.907000000000000028e+00
1.913000000000000034e+00
1.915999999999999925e+00
1.915000000000000036e+00
1.911999999999999922e+00
1.903999999999999915e+00
1.893999999999999906e+00
1.881000000000000005e+00
1.864000000000000101e+00
1.844999999999999973e+00
1.824000000000000066e+00
1.800000000000000044e+00
1.774999999999999911e+00
1.747999999999999998e+00
1.719000000000000083e+00
1.689999999999999947e+00
1.659999999999999920e+00
1.629000000000000004e+00
1.598000000000000087e+00
1.566999999999999948e+00
1.534999999999999920e+00
1.504000000000000004e+00
1.473999999999999977e+00
1.443999999999999950e+00
1.413999999999999924e+00
1.385000000000000009e+00
1.356999999999999984e+00
1.328999999999999959e+00
1.302000000000000046e+00
1.276000000000000023e+00
1.250999999999999890e+00
1.225999999999999979e+00
1.201999999999999957e+00
1.179000000000000048e+00
1.157000000000000028e+00
1.135000000000000009e+00
1.114000000000000101e+00
1.094000000000000083e+00
1.074999999999999956e+00
1.056000000000000050e+00
1.038000000000000034e+00
1.020000000000000018e+00
1.002999999999999892e+00
9.874000000000000554e-01
9.717999999999999972e-01
9.570999999999999508e-01
9.429999999999999494e-01
9.294999999999999929e-01
9.167999999999999483e-01
9.048000000000000487e-01
8.933999999999999719e-01
8.828000000000000291e-01
8.727000000000000313e-01
8.631999999999999673e-01
8.542999999999999483e-01
8.458999999999999853e-01
8.377999999999999892e-01
8.300999999999999490e-01
8.226999999999999869e-01
8.155000000000000027e-01
8.084000000000000075e-01
8.014999999999999902e-01
7.946999999999999620e-01
7.877999999999999448e-01
7.810000000000000275e-01
7.740000000000000213e-01
7.670000000000000151e-01
7.600000000000000089e-01
7.529000000000000137e-01
7.456000000000000405e-01
7.380999999999999783e-01
7.306000000000000272e-01
7.229999999999999760e-01
7.153000000000000469e-01
7.074000000000000288e-01
6.994000000000000217e-01
6.913000000000000256e-01
6.831000000000000405e-01
6.746999999999999664e-01
6.663999999999999924e-01
6.580000000000000293e-01
6.494999999999999662e-01
6.410000000000000142e-01
6.323999999999999622e-01
6.238000000000000211e-01
6.151999999999999691e-01
6.068000000000000060e-01
5.984000000000000430e-01
5.901999999999999469e-01
5.820999999999999508e-01
5.739999999999999547e-01
5.659999999999999476e-01
5.583000000000000185e-01
5.506999999999999673e-01
5.435999999999999721e-01
5.365999999999999659e-01
5.299000000000000377e-01
5.231000000000000094e-01
5.165999999999999481e-01
5.106000000000000538e-01
5.047000000000000375e-01
4.990999999999999881e-01
4.939000000000000057e-01
4.889000000000000012e-01
4.842000000000000193e-01
4.797000000000000153e-01
4.753999999999999893e-01
4.709999999999999742e-01
4.667999999999999927e-01
4.626000000000000112e-01
4.586999999999999966e-01
4.550000000000000155e-01
4.512999999999999790e-01
4.475999999999999979e-01
4.439000000000000168e-01
4.403000000000000247e-01
4.365999999999999881e-01
4.329000000000000070e-01
4.289000000000000035e-01
4.250999999999999779e-01
4.212000000000000188e-01
4.172000000000000153e-01
4.132000000000000117e-01
4.092000000000000082e-01
4.050000000000000266e-01
4.007999999999999896e-01
3.966999999999999971e-01
3.925000000000000155e-01
3.881999999999999895e-01
3.836999999999999855e-01
3.793000000000000260e-01
3.749000000000000110e-01
3.704000000000000070e-01
3.660999999999999810e-01
3.622000000000000219e-01
3.583999999999999964e-01
3.548000000000000043e-01
3.513999999999999901e-01
3.484999999999999765e-01
3.458999999999999853e-01
3.437000000000000055e-01
3.420000000000000262e-01
3.401000000000000134e-01
3.385000000000000231e-01
3.371999999999999997e-01
3.361000000000000099e-01
3.353999999999999759e-01
3.352999999999999869e-01
3.358999999999999764e-01
3.371000000000000107e-01
3.381000000000000116e-01
3.393999999999999795e-01
3.415000000000000258e-01
3.447000000000000064e-01
3.492999999999999994e-01
3.548999999999999932e-01
3.613999999999999990e-01
3.690999999999999837e-01
3.785999999999999921e-01
3.901000000000000023e-01
4.037000000000000033e-01
4.194999999999999840e-01
4.375999999999999890e-01
4.576000000000000068e-01
4.797000000000000153e-01
5.032999999999999696e-01
5.280000000000000249e-01
5.535999999999999810e-01
5.795000000000000151e-01
6.051999999999999602e-01
6.310999999999999943e-01
6.556999999999999496e-01
6.793000000000000149e-01
7.018999999999999684e-01
7.235000000000000320e-01
7.433999999999999497e-01
7.609000000000000208e-01
7.764999999999999680e-01
7.907999999999999474e-01
8.031000000000000361e-01
8.137999999999999678e-01
8.225000000000000089e-01
8.290999999999999481e-01
8.344000000000000306e-01
8.377000000000000002e-01
8.391999999999999460e-01
8.394000000000000350e-01
8.385000000000000231e-01
8.367999999999999883e-01
8.347999999999999865e-01
8.316000000000000059e-01
8.285000000000000142e-01
8.258999999999999675e-01
8.234000000000000208e-01
8.214000000000000190e-01
8.196999999999999842e-01
8.183000000000000274e-01
8.174000000000000155e-01
8.176999999999999824e-01
8.187999999999999723e-01
8.205000000000000071e-01
8.233000000000000318e-01
8.276999999999999913e-01
8.333000000000000407e-01
8.399999999999999689e-01
8.478999999999999870e-01
8.564000000000000501e-01
8.659999999999999920e-01
8.790000000000000036e-01
1.693999999999999950e+00
2.484999999999999876e+00
3.052000000000000046e+00
3.414000000000000146e+00
3.626999999999999780e+00
3.750000000000000000e+00
3.839999999999999858e+00
3.891999999999999904e+00
3.914000000000000146e+00
3.900999999999999801e+00
3.859999999999999876e+00
3.791999999999999815e+00
3.704000000000000181e+00
3.600000000000000089e+00
3.483999999999999986e+00
3.361000000000000210e+00
3.233000000000000096e+00
3.103000000000000203e+00
2.974000000000000199e+00
2.846999999999999975e+00
2.725000000000000089e+00
2.608000000000000096e+00
2.496999999999999886e+00
2.391999999999999904e+00
2.293000000000000149e+00
2.201000000000000068e+00
2.113999999999999879e+00
2.033999999999999808e+00
1.995999999999999996e+00
3.379999999999999893e+00
4.315000000000000391e+00
5.012999999999999901e+00
5.560999999999999943e+00
6.126000000000000334e+00
6.524000000000000021e+00
6.738999999999999879e+00
6.809000000000000163e+00
6.788999999999999702e+00
6.711000000000000298e+00
6.583000000000000185e+00
6.411999999999999922e+00
6.208000000000000185e+00
5.979000000000000092e+00
5.735000000000000320e+00
5.482000000000000206e+00
5.229000000000000092e+00
4.977999999999999758e+00
4.735999999999999766e+00
4.504999999999999893e+00
4.288000000000000256e+00
4.086000000000000298e+00
3.900999999999999801e+00
3.730999999999999872e+00
3.577999999999999847e+00
3.439999999999999947e+00
3.315999999999999837e+00
3.205999999999999961e+00
3.108000000000000096e+00
3.020999999999999908e+00
2.943999999999999950e+00
2.875999999999999890e+00
2.814999999999999947e+00
2.761000000000000121e+00
2.713000000000000078e+00
2.669999999999999929e+00
2.630999999999999783e+00
2.595000000000000195e+00
2.561999999999999833e+00
2.531000000000000139e+00
2.500999999999999890e+00
2.472999999999999865e+00
2.444999999999999840e+00
2.418000000000000149e+00
2.391000000000000014e+00
2.363999999999999879e+00
2.335999999999999854e+00
2.306999999999999940e+00
2.278000000000000025e+00
2.248000000000000220e+00
2.217000000000000082e+00
2.184000000000000163e+00
2.149999999999999911e+00
2.115000000000000213e+00
2.080000000000000071e+00
2.043000000000000149e+00
2.005999999999999783e+00
1.967999999999999972e+00
1.929000000000000048e+00
1.889999999999999902e+00
1.850999999999999979e+00
1.812000000000000055e+00
1.772999999999999909e+00
1.735000000000000098e+00
1.697999999999999954e+00
1.661999999999999922e+00
1.627999999999999892e+00
1.596000000000000085e+00
1.566000000000000059e+00
1.538000000000000034e+00
1.512999999999999901e+00
1.489999999999999991e+00
1.469999999999999973e+00
1.451999999999999957e+00
1.437000000000000055e+00
1.423999999999999932e+00
1.413000000000000034e+00
1.403999999999999915e+00
1.395999999999999908e+00
1.389000000000000012e+00
1.383000000000000007e+00
1.377000000000000002e+00
1.372000000000000108e+00
1.366999999999999993e+00
1.360999999999999988e+00
1.354999999999999982e+00
1.348999999999999977e+00
1.342999999999999972e+00
1.336000000000000076e+00
1.328000000000000069e+00
1.318999999999999950e+00
1.308999999999999941e+00
1.298999999999999932e+00
1.286999999999999922e+00
1.274000000000000021e+00
1.260999999999999899e+00
1.247000000000000108e+00
1.231999999999999984e+00
1.215999999999999970e+00
1.199999999999999956e+00
1.183000000000000052e+00
1.165999999999999925e+00
1.147999999999999909e+00
1.129999999999999893e+00
1.110999999999999988e+00
1.090999999999999970e+00
1.072000000000000064e+00
1.052000000000000046e+00
1.032999999999999918e+00
1.012999999999999901e+00
9.932999999999999607e-01
9.737000000000000099e-01
9.537999999999999812e-01
9.342000000000000304e-01
9.150000000000000355e-01
8.961999999999999966e-01
8.781999999999999806e-01
8.608999999999999986e-01
8.443000000000000504e-01
8.286999999999999922e-01
8.139999999999999458e-01
8.002000000000000224e-01
7.871000000000000218e-01
7.747000000000000552e-01
7.634999999999999565e-01
7.530000000000000027e-01
7.433999999999999497e-01
7.348999999999999977e-01
7.278000000000000025e-01
7.226000000000000201e-01
7.191999999999999504e-01
7.181999999999999496e-01
7.197999999999999954e-01
7.244000000000000439e-01
7.322999999999999510e-01
7.435000000000000497e-01
7.580999999999999961e-01
7.761000000000000121e-01
7.974999999999999867e-01
8.222000000000000419e-01
8.498999999999999888e-01
8.804999999999999494e-01
9.134999999999999787e-01
9.482000000000000428e-01
9.839999999999999858e-01
1.020999999999999908e+00
1.058000000000000052e+00
1.094000000000000083e+00
1.129000000000000004e+00
1.163000000000000034e+00
1.195000000000000062e+00
1.223999999999999977e+00
1.250000000000000000e+00
1.272999999999999909e+00
1.292000000000000037e+00
1.308000000000000052e+00
1.320000000000000062e+00
1.328000000000000069e+00
1.332000000000000073e+00
1.332000000000000073e+00
1.328000000000000069e+00
1.320999999999999952e+00
1.310999999999999943e+00
1.296999999999999931e+00
1.280000000000000027e+00
1.260999999999999899e+00
1.239999999999999991e+00
1.215999999999999970e+00
1.191000000000000059e+00
1.163999999999999924e+00
1.135999999999999899e+00
1.106999999999999984e+00
1.076999999999999957e+00
1.046999999999999931e+00
1.016999999999999904e+00
9.868999999999999995e-01
9.575000000000000178e-01
9.288999999999999480e-01
9.011000000000000121e-01
8.743999999999999551e-01
8.487000000000000099e-01
8.242000000000000437e-01
8.008999999999999453e-01
7.788000000000000478e-01
7.577000000000000401e-01
7.374000000000000554e-01
7.179999999999999716e-01
6.995000000000000107e-01
6.818999999999999506e-01
6.652000000000000135e-01
6.492999999999999883e-01
6.344999999999999529e-01
6.203999999999999515e-01
6.071999999999999620e-01
5.947000000000000064e-01
5.829999999999999627e-01
5.719999999999999529e-01
5.616999999999999771e-01
5.520000000000000462e-01
5.429000000000000492e-01
5.343999999999999861e-01
5.263999999999999790e-01
5.188000000000000389e-01
5.116000000000000547e-01
5.048000000000000265e-01
4.984000000000000097e-01
4.922000000000000264e-01
4.863000000000000100e-01
4.804999999999999827e-01
4.747999999999999998e-01
4.692000000000000060e-01
4.636000000000000121e-01
4.580000000000000182e-01
4.522999999999999798e-01
4.465000000000000080e-01
4.406999999999999806e-01
4.348000000000000198e-01
4.289000000000000035e-01
4.229999999999999871e-01
4.169999999999999818e-01
4.108999999999999875e-01
4.047000000000000042e-01
3.985000000000000209e-01
3.921000000000000041e-01
3.856999999999999873e-01
3.793000000000000260e-01
3.729000000000000092e-01
3.663000000000000145e-01
3.595999999999999752e-01
3.532000000000000139e-01
3.467000000000000082e-01
3.403999999999999804e-01
3.341999999999999971e-01
3.281000000000000028e-01
3.220999999999999974e-01
3.165000000000000036e-01
3.111999999999999766e-01
3.060999999999999832e-01
3.013000000000000123e-01
2.968000000000000083e-01
2.923000000000000043e-01
2.879999999999999782e-01
2.841000000000000192e-01
2.806000000000000161e-01
2.773999999999999799e-01
2.742999999999999883e-01
2.715000000000000191e-01
2.686999999999999944e-01
2.661999999999999922e-01
2.636000000000000010e-01
2.611999999999999877e-01
2.585999999999999965e-01
2.561999999999999833e-01
2.539000000000000146e-01
2.516999999999999793e-01
2.494999999999999996e-01
2.477000000000000035e-01
2.464000000000000079e-01
2.451000000000000123e-01
2.437000000000000000e-01
2.422999999999999876e-01
2.411999999999999977e-01
2.403000000000000136e-01
2.394999999999999907e-01
2.381000000000000061e-01
2.369999999999999885e-01
2.354999999999999871e-01
2.340000000000000135e-01
2.323999999999999955e-01
2.310999999999999999e-01
2.295000000000000095e-01
2.280000000000000082e-01
2.265000000000000069e-01
2.247000000000000108e-01
2.230999999999999928e-01
2.215000000000000024e-01
2.205999999999999905e-01
2.197999999999999954e-01
2.195999999999999897e-01
2.197000000000000064e-01
2.209000000000000130e-01
2.227999999999999980e-01
2.257000000000000117e-01
2.290000000000000091e-01
2.331000000000000016e-01
2.383000000000000118e-01
2.447999999999999898e-01
2.519000000000000128e-01
2.599000000000000199e-01
2.686999999999999944e-01
2.782999999999999918e-01
2.884999999999999787e-01
2.993999999999999995e-01
3.114000000000000101e-01
3.236999999999999877e-01
3.367999999999999883e-01
3.504999999999999782e-01
3.642000000000000237e-01
3.780000000000000027e-01
3.919000000000000261e-01
4.057000000000000051e-01
4.184999999999999831e-01
4.309000000000000052e-01
4.425000000000000044e-01
4.531999999999999917e-01
4.632000000000000006e-01
4.731000000000000205e-01
4.817000000000000171e-01
4.889999999999999902e-01
4.954000000000000070e-01
5.011999999999999789e-01
5.060999999999999943e-01
5.104999999999999538e-01
5.143999999999999684e-01
5.178000000000000380e-01
5.209000000000000297e-01
5.235999999999999543e-01
5.263999999999999790e-01
5.292000000000000037e-01
5.330000000000000293e-01
5.384999999999999787e-01
5.470000000000000417e-01
5.592000000000000304e-01
5.754000000000000226e-01
5.958999999999999853e-01
6.216000000000000414e-01
6.524999999999999689e-01
6.891000000000000458e-01
7.312999999999999501e-01
7.792999999999999927e-01
8.335000000000000187e-01
8.934999999999999609e-01
9.595000000000000195e-01
1.030999999999999917e+00
1.106000000000000094e+00
1.185000000000000053e+00
1.266999999999999904e+00
1.350999999999999979e+00
1.435999999999999943e+00
1.520999999999999908e+00
1.604999999999999982e+00
1.685999999999999943e+00
1.764999999999999902e+00
1.840000000000000080e+00
1.911999999999999922e+00
1.981999999999999984e+00
2.049999999999999822e+00
2.119000000000000217e+00
2.188000000000000167e+00
2.258999999999999897e+00
2.330000000000000071e+00
2.402000000000000135e+00
2.474000000000000199e+00
2.544999999999999929e+00
2.615000000000000213e+00
2.681999999999999940e+00
2.745999999999999996e+00
2.806999999999999940e+00
2.863999999999999879e+00
2.916999999999999815e+00
2.966000000000000192e+00
3.011000000000000121e+00
3.051000000000000156e+00
3.087000000000000188e+00
3.117999999999999883e+00
3.142999999999999794e+00
3.164000000000000146e+00
3.178999999999999826e+00
3.189000000000000057e+00
3.192000000000000171e+00
3.189999999999999947e+00
3.182999999999999829e+00
3.169999999999999929e+00
3.152000000000000135e+00
3.129000000000000004e+00
3.100000000000000089e+00
3.067000000000000171e+00
3.029999999999999805e+00
2.988999999999999879e+00
2.944999999999999840e+00
2.898000000000000131e+00
2.850000000000000089e+00
2.802000000000000046e+00
2.753000000000000114e+00
2.705999999999999961e+00
2.661000000000000032e+00
2.616999999999999993e+00
2.576999999999999957e+00
2.540000000000000036e+00
2.507000000000000117e+00
2.476999999999999869e+00
2.451000000000000068e+00
2.430000000000000160e+00
2.411999999999999922e+00
2.399999999999999911e+00
2.391000000000000014e+00
2.387999999999999901e+00
2.388999999999999790e+00
2.395999999999999908e+00
2.407999999999999918e+00
2.424999999999999822e+00
2.447999999999999954e+00
2.475000000000000089e+00
2.508000000000000007e+00
2.544000000000000039e+00
2.584000000000000075e+00
2.625999999999999890e+00
2.670999999999999819e+00
2.717000000000000082e+00
2.763999999999999790e+00
2.810000000000000053e+00
2.854000000000000092e+00
2.895999999999999908e+00
2.935000000000000053e+00
2.968999999999999861e+00
2.999000000000000110e+00
3.023000000000000131e+00
3.040999999999999925e+00
3.052999999999999936e+00
3.059000000000000163e+00
3.056999999999999940e+00
3.048000000000000043e+00
3.033999999999999808e+00
3.012999999999999901e+00
2.984999999999999876e+00
2.951999999999999957e+00
2.914000000000000146e+00
2.870000000000000107e+00
2.822000000000000064e+00
2.770999999999999908e+00
2.717999999999999972e+00
2.661999999999999922e+00
2.605999999999999872e+00
2.549999999999999822e+00
2.494000000000000217e+00
2.439999999999999947e+00
2.387000000000000011e+00
2.337000000000000188e+00
2.290000000000000036e+00
2.245999999999999996e+00
2.205000000000000071e+00
2.168000000000000149e+00
2.134999999999999787e+00
2.104999999999999982e+00
2.079000000000000181e+00
2.056000000000000050e+00
2.036999999999999922e+00
2.020999999999999908e+00
2.008000000000000007e+00
1.997000000000000108e+00
1.989999999999999991e+00
1.983999999999999986e+00
1.981000000000000094e+00
1.979999999999999982e+00
1.993999999999999995e+00
2.051000000000000156e+00
2.177999999999999936e+00
2.399999999999999911e+00
2.734999999999999876e+00
3.197000000000000064e+00
3.787999999999999812e+00
4.508000000000000007e+00
5.347000000000000419e+00
6.293000000000000149e+00
7.326999999999999957e+00
8.426999999999999602e+00
9.571999999999999176e+00
1.096000000000000085e+01
1.257000000000000028e+01
1.416000000000000014e+01
1.560999999999999943e+01
1.689999999999999858e+01
1.798999999999999844e+01
1.885000000000000142e+01
1.946000000000000085e+01
1.998000000000000043e+01
2.032999999999999829e+01
2.053000000000000114e+01
2.062000000000000099e+01
2.058999999999999986e+01
2.042999999999999972e+01
2.019000000000000128e+01
1.987999999999999901e+01
1.953000000000000114e+01
1.910000000000000142e+01
1.864000000000000057e+01
1.816000000000000014e+01
1.767000000000000171e+01
1.714000000000000057e+01
1.662999999999999901e+01
1.612999999999999901e+01
1.560999999999999943e+01
1.510999999999999943e+01
1.467999999999999972e+01
1.448000000000000043e+01
1.423000000000000043e+01
1.393999999999999950e+01
1.361999999999999922e+01
1.327999999999999936e+01
1.292999999999999972e+01
1.257000000000000028e+01
1.221000000000000085e+01
1.184999999999999964e+01
1.150000000000000000e+01
1.115000000000000036e+01
1.080000000000000071e+01
1.047000000000000064e+01
1.015000000000000036e+01
9.830999999999999517e+00
9.528999999999999915e+00
9.240000000000000213e+00
8.961999999999999744e+00
8.696999999999999176e+00
8.445000000000000284e+00
8.204000000000000625e+00
7.974000000000000199e+00
7.756000000000000227e+00
7.546999999999999709e+00
7.347999999999999865e+00
7.158000000000000362e+00
6.975999999999999979e+00
6.801000000000000156e+00
6.634000000000000341e+00
6.474000000000000199e+00
6.318999999999999950e+00
6.171000000000000263e+00
6.027999999999999581e+00
5.891000000000000014e+00
5.759000000000000341e+00
5.631999999999999673e+00
5.509999999999999787e+00
5.392000000000000348e+00
5.280000000000000249e+00
5.171999999999999709e+00
5.067999999999999616e+00
4.969000000000000306e+00
4.873999999999999666e+00
4.783000000000000362e+00
4.695999999999999730e+00
4.613000000000000433e+00
4.535000000000000142e+00
4.459999999999999964e+00
4.389000000000000234e+00
4.320999999999999730e+00
4.256999999999999673e+00
4.195999999999999730e+00
4.137999999999999901e+00
4.083999999999999631e+00
4.032000000000000028e+00
3.983000000000000096e+00
3.936999999999999833e+00
3.892999999999999794e+00
3.851999999999999869e+00
3.813000000000000167e+00
3.775999999999999801e+00
3.740000000000000213e+00
3.706999999999999851e+00
3.674999999999999822e+00
3.645999999999999908e+00
3.616999999999999993e+00
3.589999999999999858e+00
3.564000000000000057e+00
3.539000000000000146e+00
3.516000000000000014e+00
3.492999999999999883e+00
3.471000000000000085e+00
3.450000000000000178e+00
3.430000000000000160e+00
3.410000000000000142e+00
3.391000000000000014e+00
3.371999999999999886e+00
3.354000000000000092e+00
3.337000000000000188e+00
3.319999999999999840e+00
3.302999999999999936e+00
3.286999999999999922e+00
3.270999999999999908e+00
3.254999999999999893e+00
3.240000000000000213e+00
3.225000000000000089e+00
3.209999999999999964e+00
3.196000000000000174e+00
3.181000000000000050e+00
3.166999999999999815e+00
3.152000000000000135e+00
3.137000000000000011e+00
3.123000000000000220e+00
3.108000000000000096e+00
3.092999999999999972e+00
3.077999999999999847e+00
3.061999999999999833e+00
3.047000000000000153e+00
3.031000000000000139e+00
3.015000000000000124e+00
2.999000000000000110e+00
2.982000000000000206e+00
2.964999999999999858e+00
2.947000000000000064e+00
2.928999999999999826e+00
2.911999999999999922e+00
2.892999999999999794e+00
2.875000000000000000e+00
2.857000000000000206e+00
2.838000000000000078e+00
2.818999999999999950e+00
2.799999999999999822e+00
2.782000000000000028e+00
2.762999999999999901e+00
2.744000000000000217e+00
2.725999999999999979e+00
2.708000000000000185e+00
2.689999999999999947e+00
2.672000000000000153e+00
2.653999999999999915e+00
2.637000000000000011e+00
2.619000000000000217e+00
2.601999999999999869e+00
2.585999999999999854e+00
2.569999999999999840e+00
2.553999999999999826e+00
2.537999999999999812e+00
2.523000000000000131e+00
2.508000000000000007e+00
2.494000000000000217e+00
2.479999999999999982e+00
2.466000000000000192e+00
2.451999999999999957e+00
2.439000000000000057e+00
2.426000000000000156e+00
2.414000000000000146e+00
2.400999999999999801e+00
2.388999999999999790e+00
2.375999999999999890e+00
2.362999999999999989e+00
2.350000000000000089e+00
2.337000000000000188e+00
2.322999999999999954e+00
2.309000000000000163e+00
2.294000000000000039e+00
2.278000000000000025e+00
2.262000000000000011e+00
2.245000000000000107e+00
2.228000000000000203e+00
2.209000000000000075e+00
2.190999999999999837e+00
2.170999999999999819e+00
2.152000000000000135e+00
2.133000000000000007e+00
2.115000000000000213e+00
2.096999999999999975e+00
2.080000000000000071e+00
2.063000000000000167e+00
2.048999999999999932e+00
2.036000000000000032e+00
2.024999999999999911e+00
2.016000000000000014e+00
2.008999999999999897e+00
2.004000000000000004e+00
2.000999999999999890e+00
2.000000000000000000e+00
2.000000000000000000e+00
2.000999999999999890e+00
2.004000000000000004e+00
2.008000000000000007e+00
2.012000000000000011e+00
2.016999999999999904e+00
2.021999999999999797e+00
2.027000000000000135e+00
2.032000000000000028e+00
2.036000000000000032e+00
2.040000000000000036e+00
2.044000000000000039e+00
2.047000000000000153e+00
2.049999999999999822e+00
2.053999999999999826e+00
2.057999999999999829e+00
2.061999999999999833e+00
2.065999999999999837e+00
2.071000000000000174e+00
2.075000000000000178e+00
2.080999999999999961e+00
2.087000000000000188e+00
2.093999999999999861e+00
2.100999999999999979e+00
2.108000000000000096e+00
2.116000000000000103e+00
2.123000000000000220e+00
2.129999999999999893e+00
2.137000000000000011e+00
2.142999999999999794e+00
2.149000000000000021e+00
2.153999999999999915e+00
2.157999999999999918e+00
2.162999999999999812e+00
2.166999999999999815e+00
2.169999999999999929e+00
2.173999999999999932e+00
2.177000000000000046e+00
2.181000000000000050e+00
2.184000000000000163e+00
2.186999999999999833e+00
2.190999999999999837e+00
2.194999999999999840e+00
2.198999999999999844e+00
2.202999999999999847e+00
2.205999999999999961e+00
2.209000000000000075e+00
2.210999999999999854e+00
2.212000000000000188e+00
2.213000000000000078e+00
2.212000000000000188e+00
2.209999999999999964e+00
2.205999999999999961e+00
2.201000000000000068e+00
2.193999999999999950e+00
2.184000000000000163e+00
2.173000000000000043e+00
2.160000000000000142e+00
2.144000000000000128e+00
2.126999999999999780e+00
2.105999999999999872e+00
2.084000000000000075e+00
2.059000000000000163e+00
2.032000000000000028e+00
2.004000000000000004e+00
1.973999999999999977e+00
1.941999999999999948e+00
1.907999999999999918e+00
1.874000000000000110e+00
1.838000000000000078e+00
1.800999999999999934e+00
1.764000000000000012e+00
1.725999999999999979e+00
1.687000000000000055e+00
1.649000000000000021e+00
1.610000000000000098e+00
1.570999999999999952e+00
1.532999999999999918e+00
1.495999999999999996e+00
1.459000000000000075e+00
1.423000000000000043e+00
1.387999999999999901e+00
1.354999999999999982e+00
1.322999999999999954e+00
1.292999999999999927e+00
1.266999999999999904e+00
1.241999999999999993e+00
1.219999999999999973e+00
1.201000000000000068e+00
1.185999999999999943e+00
1.173000000000000043e+00
1.163999999999999924e+00
1.157000000000000028e+00
1.153999999999999915e+00
1.153000000000000025e+00
1.155000000000000027e+00
1.159000000000000030e+00
1.165999999999999925e+00
1.175000000000000044e+00
1.185000000000000053e+00
1.195999999999999952e+00
1.207999999999999963e+00
1.219999999999999973e+00
1.231999999999999984e+00
1.245000000000000107e+00
1.256000000000000005e+00
1.268000000000000016e+00
1.278000000000000025e+00
1.286999999999999922e+00
1.294000000000000039e+00
1.300999999999999934e+00
1.306000000000000050e+00
1.308999999999999941e+00
1.310000000000000053e+00
1.310000000000000053e+00
1.308000000000000052e+00
1.304999999999999938e+00
1.298999999999999932e+00
1.292000000000000037e+00
1.282000000000000028e+00
1.272000000000000020e+00
1.260000000000000009e+00
1.247000000000000108e+00
1.231999999999999984e+00
1.215999999999999970e+00
1.199999999999999956e+00
1.183000000000000052e+00
1.165999999999999925e+00
1.149999999999999911e+00
1.133999999999999897e+00
1.118000000000000105e+00
1.104000000000000092e+00
1.090000000000000080e+00
1.078000000000000069e+00
1.066000000000000059e+00
1.056999999999999940e+00
1.048999999999999932e+00
1.044000000000000039e+00
1.038999999999999924e+00
1.036999999999999922e+00
1.036999999999999922e+00
1.038999999999999924e+00
1.042999999999999927e+00
1.048999999999999932e+00
1.056999999999999940e+00
1.066999999999999948e+00
1.078000000000000069e+00
1.090999999999999970e+00
1.104999999999999982e+00
1.120000000000000107e+00
1.135999999999999899e+00
1.151999999999999913e+00
1.169000000000000039e+00
1.185000000000000053e+00
1.201000000000000068e+00
1.215999999999999970e+00
1.229999999999999982e+00
1.243999999999999995e+00
1.256999999999999895e+00
1.270000000000000018e+00
1.282999999999999918e+00
1.294999999999999929e+00
1.306000000000000050e+00
1.318000000000000060e+00
1.330000000000000071e+00
1.342000000000000082e+00
1.354999999999999982e+00
1.366999999999999993e+00
1.379999999999999893e+00
1.393000000000000016e+00
1.405999999999999917e+00
1.419000000000000039e+00
1.431000000000000050e+00
1.443999999999999950e+00
1.455000000000000071e+00
1.465000000000000080e+00
1.473999999999999977e+00
1.481000000000000094e+00
1.485999999999999988e+00
1.489999999999999991e+00
1.491000000000000103e+00
1.489999999999999991e+00
1.485999999999999988e+00
1.481000000000000094e+00
1.471999999999999975e+00
1.459999999999999964e+00
1.445999999999999952e+00
1.429999999999999938e+00
1.411000000000000032e+00
1.389000000000000012e+00
1.366000000000000103e+00
1.340000000000000080e+00
1.314000000000000057e+00
1.286000000000000032e+00
1.272000000000000020e+00
1.294000000000000039e+00
1.360999999999999988e+00
1.473999999999999977e+00
1.627000000000000002e+00
1.816000000000000059e+00
2.031000000000000139e+00
2.265000000000000124e+00
2.512999999999999901e+00
2.769000000000000128e+00
3.028999999999999915e+00
3.289000000000000146e+00
3.544999999999999929e+00
3.795999999999999819e+00
4.036999999999999922e+00
4.266000000000000014e+00
4.480999999999999872e+00
4.679999999999999716e+00
4.863000000000000433e+00
5.025999999999999801e+00
5.169999999999999929e+00
5.293999999999999595e+00
5.395999999999999908e+00
5.477000000000000313e+00
5.536999999999999922e+00
5.607999999999999652e+00
5.698000000000000398e+00
5.809000000000000163e+00
5.939000000000000057e+00
6.155999999999999694e+00
6.459999999999999964e+00
6.849999999999999645e+00
7.309999999999999609e+00
7.823999999999999844e+00
8.371999999999999886e+00
8.935000000000000497e+00
9.499000000000000554e+00
1.005000000000000071e+01
1.057000000000000028e+01
1.107000000000000028e+01
1.150999999999999979e+01
1.191000000000000014e+01
1.225999999999999979e+01
1.253999999999999915e+01
1.276999999999999957e+01
1.292999999999999972e+01
1.302999999999999936e+01
1.307000000000000028e+01
1.306000000000000050e+01
1.299000000000000021e+01
1.286999999999999922e+01
1.269999999999999929e+01
1.250000000000000000e+01
1.225999999999999979e+01
1.200000000000000000e+01
1.171000000000000085e+01
1.141000000000000014e+01
1.108999999999999986e+01
1.075000000000000000e+01
1.041999999999999993e+01
1.007000000000000028e+01
9.730000000000000426e+00
9.387000000000000455e+00
