1.749000000000000110e+00
1.750000000000000000e+00
1.747000000000000108e+00
1.741000000000000103e+00
1.729000000000000092e+00
1.713999999999999968e+00
1.695000000000000062e+00
1.671999999999999931e+00
1.647000000000000020e+00
1.618000000000000105e+00
1.588000000000000078e+00
1.556000000000000050e+00
1.522000000000000020e+00
1.487999999999999989e+00
1.453000000000000069e+00
1.417999999999999927e+00
1.381999999999999895e+00
1.346999999999999975e+00
1.312999999999999945e+00
1.278000000000000025e+00
1.245000000000000107e+00
1.211999999999999966e+00
1.181000000000000050e+00
1.149999999999999911e+00
1.120000000000000107e+00
1.090999999999999970e+00
1.064000000000000057e+00
1.036999999999999922e+00
1.012000000000000011e+00
9.874000000000000554e-01
9.639999999999999680e-01
9.416999999999999815e-01
9.203000000000000069e-01
9.000000000000000222e-01
8.806000000000000494e-01
8.621999999999999664e-01
8.447999999999999954e-01
8.282000000000000473e-01
8.125000000000000000e-01
7.974999999999999867e-01
7.835999999999999632e-01
7.703999999999999737e-01
7.578000000000000291e-01
7.459999999999999964e-01
7.347000000000000197e-01
7.237999999999999989e-01
7.137000000000000011e-01
7.039999999999999591e-01
6.946999999999999842e-01
6.858999999999999542e-01
6.774000000000000021e-01
6.693000000000000060e-01
6.613999999999999879e-01
6.541000000000000147e-01
6.468000000000000416e-01
6.397000000000000464e-01
6.331999999999999851e-01
6.269000000000000128e-01
6.209000000000000075e-01
6.151999999999999691e-01
6.095000000000000417e-01
6.040999999999999703e-01
5.986000000000000210e-01
5.933000000000000496e-01
5.883000000000000451e-01
5.834000000000000297e-01
5.784000000000000252e-01
5.732000000000000428e-01
5.681000000000000494e-01
5.633000000000000229e-01
5.585999999999999854e-01
5.537999999999999590e-01
5.493000000000000105e-01
5.444999999999999840e-01
5.399000000000000465e-01
5.352000000000000091e-01
5.302999999999999936e-01
5.258000000000000451e-01
5.214999999999999636e-01
5.172999999999999821e-01
5.130000000000000115e-01
5.086000000000000520e-01
5.042999999999999705e-01
4.996999999999999775e-01
4.950999999999999845e-01
4.903000000000000136e-01
4.853999999999999981e-01
4.807000000000000162e-01
4.758000000000000007e-01
4.711000000000000187e-01
4.665000000000000258e-01
4.618999999999999773e-01
4.580000000000000182e-01
4.546000000000000041e-01
4.511000000000000010e-01
4.482999999999999763e-01
4.460000000000000075e-01
4.440000000000000058e-01
4.421999999999999820e-01
4.406999999999999806e-01
4.395999999999999908e-01
4.388000000000000234e-01
4.389000000000000123e-01
4.390999999999999903e-01
4.394000000000000128e-01
4.500000000000000111e-01
4.588999999999999746e-01
4.665000000000000258e-01
4.729999999999999760e-01
4.787000000000000144e-01
4.838000000000000078e-01
4.884999999999999898e-01
4.919000000000000039e-01
4.941999999999999726e-01
4.959000000000000075e-01
4.964000000000000079e-01
4.965999999999999859e-01
4.964999999999999969e-01
4.960999999999999854e-01
4.958000000000000185e-01
4.959000000000000075e-01
4.958000000000000185e-01
4.969999999999999973e-01
4.986999999999999766e-01
5.004999999999999449e-01
5.027000000000000357e-01
5.052999999999999714e-01
5.083999999999999631e-01
5.118000000000000327e-01
5.157000000000000473e-01
5.205999999999999517e-01
5.253999999999999782e-01
5.302000000000000046e-01
5.348000000000000531e-01
5.399000000000000465e-01
5.446999999999999620e-01
5.485999999999999766e-01
5.515999999999999792e-01
5.538999999999999480e-01
5.556999999999999718e-01
5.568999999999999506e-01
6.098999999999999977e-01
6.521000000000000130e-01
6.863000000000000211e-01
7.139999999999999680e-01
7.358999999999999986e-01
7.519000000000000128e-01
7.629000000000000226e-01
7.692999999999999838e-01
7.712999999999999856e-01
7.694999999999999618e-01
7.651999999999999913e-01
7.577000000000000401e-01
7.487000000000000322e-01
7.600999999999999979e-01
7.653999999999999693e-01
7.661000000000000032e-01
7.635999999999999455e-01
7.580999999999999961e-01
7.500999999999999890e-01
7.622999999999999776e-01
7.689000000000000279e-01
7.708000000000000407e-01
7.695999999999999508e-01
9.153000000000000025e-01
2.992999999999999883e+00
4.283000000000000362e+00
5.027999999999999581e+00
1.041000000000000014e+01
1.948999999999999844e+01
1.855999999999999872e+01
2.096000000000000085e+01
2.048999999999999844e+01
2.053999999999999915e+01
2.333999999999999986e+01
6.560999999999999943e+01
7.620999999999999375e+01
7.045999999999999375e+01
6.250999999999999801e+01
5.596999999999999886e+01
5.093999999999999773e+01
4.665999999999999659e+01
4.310999999999999943e+01
4.089000000000000057e+01
3.939999999999999858e+01
3.770000000000000284e+01
3.615999999999999659e+01
3.446000000000000085e+01
3.367999999999999972e+01
3.304999999999999716e+01
3.250000000000000000e+01
3.171999999999999886e+01
3.105000000000000071e+01
3.019000000000000128e+01
2.908999999999999986e+01
2.807000000000000028e+01
2.698000000000000043e+01
2.571999999999999886e+01
2.458999999999999986e+01
2.339999999999999858e+01
2.221999999999999886e+01
2.187000000000000099e+01
2.146999999999999886e+01
2.087999999999999901e+01
2.023999999999999844e+01
1.953999999999999915e+01
1.873999999999999844e+01
1.801000000000000156e+01
1.739000000000000057e+01
1.671999999999999886e+01
1.612000000000000099e+01
1.560999999999999943e+01
1.510999999999999943e+01
1.463000000000000078e+01
1.444999999999999929e+01
1.431000000000000050e+01
1.411999999999999922e+01
1.388000000000000078e+01
1.360999999999999943e+01
1.332000000000000028e+01
1.300999999999999979e+01
1.267999999999999972e+01
1.234999999999999964e+01
1.200999999999999979e+01
1.166999999999999993e+01
1.133000000000000007e+01
1.098000000000000043e+01
1.064000000000000057e+01
1.030000000000000071e+01
9.973000000000000753e+00
9.646000000000000796e+00
9.326999999999999957e+00
9.016000000000000014e+00
8.711999999999999744e+00
8.416000000000000369e+00
8.160999999999999588e+00
7.905999999999999694e+00
7.652000000000000135e+00
7.400999999999999801e+00
7.150999999999999801e+00
6.903999999999999915e+00
6.658000000000000362e+00
6.415000000000000036e+00
6.174000000000000377e+00
5.934999999999999609e+00
5.698999999999999844e+00
5.466000000000000192e+00
5.235999999999999766e+00
5.011000000000000121e+00
4.790000000000000036e+00
4.573999999999999844e+00
4.363000000000000433e+00
4.158000000000000362e+00
3.959000000000000075e+00
3.766999999999999904e+00
3.580000000000000071e+00
3.399999999999999911e+00
3.226999999999999869e+00
3.060999999999999943e+00
2.902000000000000135e+00
2.749000000000000110e+00
2.604000000000000092e+00
2.467000000000000082e+00
2.335999999999999854e+00
2.210999999999999854e+00
2.093999999999999861e+00
1.983000000000000096e+00
1.877999999999999892e+00
1.778999999999999915e+00
1.687000000000000055e+00
1.600000000000000089e+00
1.518999999999999906e+00
1.441999999999999948e+00
1.681000000000000050e+00
1.814999999999999947e+00
1.925000000000000044e+00
2.027000000000000135e+00
2.120999999999999996e+00
2.202999999999999847e+00
2.270000000000000018e+00
2.319999999999999840e+00
2.354999999999999982e+00
2.371999999999999886e+00
2.375000000000000000e+00
2.363999999999999879e+00
2.342000000000000082e+00
2.310000000000000053e+00
2.271999999999999797e+00
2.229000000000000092e+00
2.184000000000000163e+00
2.137000000000000011e+00
2.091000000000000192e+00
2.045999999999999819e+00
2.004000000000000004e+00
1.965000000000000080e+00
1.929999999999999938e+00
1.897000000000000020e+00
1.868000000000000105e+00
1.840999999999999970e+00
1.816000000000000059e+00
1.794000000000000039e+00
1.772000000000000020e+00
1.750999999999999890e+00
1.729999999999999982e+00
1.709000000000000075e+00
1.687000000000000055e+00
1.663999999999999924e+00
1.639999999999999902e+00
1.614000000000000101e+00
1.586000000000000076e+00
1.556999999999999940e+00
1.524999999999999911e+00
1.491999999999999993e+00
1.457000000000000073e+00
1.421000000000000041e+00
1.383000000000000007e+00
1.344000000000000083e+00
1.304000000000000048e+00
1.262999999999999901e+00
1.221999999999999975e+00
1.179999999999999938e+00
1.139000000000000012e+00
1.098000000000000087e+00
1.056999999999999940e+00
1.018000000000000016e+00
9.798000000000000043e-01
9.432000000000000384e-01
9.081000000000000183e-01
8.746000000000000441e-01
8.428999999999999826e-01
8.125999999999999890e-01
7.836999999999999522e-01
7.561999999999999833e-01
7.299999999999999822e-01
7.050999999999999490e-01
6.811000000000000387e-01
6.580000000000000293e-01
6.359000000000000208e-01
6.146000000000000352e-01
5.943000000000000504e-01
5.746999999999999886e-01
5.557999999999999607e-01
5.374999999999999778e-01
5.198000000000000398e-01
5.028000000000000247e-01
4.863999999999999990e-01
4.707000000000000073e-01
4.555000000000000160e-01
4.410999999999999921e-01
4.272000000000000242e-01
4.138999999999999901e-01
4.012999999999999901e-01
3.892999999999999794e-01
3.780000000000000027e-01
3.673000000000000154e-01
3.573000000000000065e-01
3.477999999999999980e-01
3.388999999999999790e-01
3.306999999999999940e-01
3.230000000000000093e-01
3.159000000000000141e-01
3.094000000000000083e-01
3.032000000000000250e-01
2.975999999999999757e-01
2.923000000000000043e-01
2.873999999999999888e-01
2.827000000000000068e-01
2.783999999999999808e-01
2.741999999999999993e-01
2.701000000000000068e-01
2.662999999999999812e-01
2.624000000000000221e-01
2.585999999999999965e-01
2.550000000000000044e-01
2.513000000000000234e-01
2.474999999999999978e-01
2.437000000000000000e-01
2.399999999999999911e-01
2.361000000000000043e-01
2.321999999999999897e-01
2.283000000000000029e-01
2.242000000000000104e-01
2.200999999999999901e-01
2.157999999999999918e-01
2.114999999999999936e-01
2.071999999999999953e-01
2.028000000000000080e-01
1.983999999999999930e-01
1.938999999999999890e-01
1.894000000000000128e-01
1.847999999999999921e-01
1.801999999999999991e-01
1.758000000000000118e-01
1.713999999999999968e-01
1.671999999999999875e-01
1.630000000000000060e-01
1.587999999999999967e-01
1.547000000000000042e-01
1.509000000000000064e-01
1.471000000000000085e-01
1.436999999999999944e-01
1.406000000000000028e-01
1.375000000000000111e-01
1.345000000000000084e-01
1.317000000000000115e-01
1.292999999999999983e-01
1.270000000000000018e-01
1.250000000000000000e-01
1.233000000000000068e-01
1.218999999999999945e-01
1.205999999999999989e-01
1.195999999999999980e-01
1.187000000000000000e-01
1.176999999999999991e-01
1.169000000000000039e-01
1.160000000000000059e-01
1.154000000000000026e-01
1.149000000000000021e-01
1.144000000000000017e-01
1.139000000000000012e-01
1.134000000000000008e-01
1.129000000000000004e-01
1.121999999999999942e-01
1.116000000000000048e-01
1.107000000000000067e-01
1.098999999999999977e-01
1.089999999999999997e-01
1.079999999999999988e-01
1.068999999999999950e-01
1.058999999999999941e-01
1.045999999999999985e-01
1.033000000000000029e-01
1.019999999999999934e-01
1.006999999999999978e-01
9.925000000000000488e-02
9.761999999999999844e-02
9.603000000000000425e-02
9.442000000000000393e-02
9.266000000000000625e-02
9.117000000000000104e-02
8.995000000000000218e-02
8.890000000000000679e-02
8.806999999999999551e-02
8.734999999999999709e-02
8.712000000000000299e-02
8.723000000000000198e-02
9.035999999999999588e-02
1.342000000000000137e-01
1.700000000000000122e-01
1.995000000000000107e-01
2.233999999999999875e-01
2.421999999999999986e-01
2.564000000000000168e-01
2.667999999999999816e-01
2.738999999999999768e-01
2.782000000000000028e-01
2.795000000000000262e-01
2.787999999999999923e-01
2.771000000000000130e-01
2.751000000000000112e-01
2.736000000000000099e-01
2.725000000000000200e-01
2.721000000000000085e-01
2.727999999999999869e-01
2.752000000000000002e-01
2.793999999999999817e-01
2.992000000000000215e-01
3.180000000000000049e-01
4.360999999999999877e-01
5.373999999999999888e-01
6.243999999999999551e-01
6.979999999999999538e-01
7.590000000000000080e-01
8.086999999999999744e-01
8.476000000000000201e-01
8.770999999999999908e-01
8.989000000000000323e-01
9.131000000000000227e-01
9.213999999999999968e-01
9.251000000000000334e-01
9.995000000000000551e-01
1.058000000000000052e+00
1.100999999999999979e+00
1.131999999999999895e+00
1.153000000000000025e+00
1.163000000000000034e+00
1.258000000000000007e+00
1.328999999999999959e+00
1.381000000000000005e+00
1.415000000000000036e+00
1.431999999999999940e+00
1.435999999999999943e+00
1.427999999999999936e+00
1.413999999999999924e+00
1.409999999999999920e+00
1.397000000000000020e+00
1.375999999999999890e+00
1.350000000000000089e+00
1.320999999999999952e+00
1.810000000000000053e+00
2.267999999999999794e+00
2.498000000000000220e+00
2.588000000000000078e+00
2.624000000000000110e+00
3.129999999999999893e+00
3.398000000000000131e+00
3.504999999999999893e+00
3.528999999999999915e+00
3.674999999999999822e+00
4.075000000000000178e+00
4.387999999999999901e+00
4.503999999999999559e+00
4.493999999999999773e+00
4.453000000000000291e+00
4.692000000000000171e+00
1.118999999999999950e+01
1.014000000000000057e+01
9.305999999999999162e+00
9.882999999999999119e+00
1.015000000000000036e+01
1.022000000000000064e+01
1.016000000000000014e+01
1.000000000000000000e+01
9.878999999999999559e+00
9.653000000000000469e+00
9.397999999999999687e+00
9.111000000000000654e+00
8.798999999999999488e+00
8.461000000000000298e+00
8.105999999999999872e+00
7.738000000000000433e+00
7.365999999999999659e+00
6.993999999999999773e+00
6.626999999999999780e+00
6.269000000000000128e+00
5.924999999999999822e+00
5.594999999999999751e+00
5.283000000000000362e+00
4.988000000000000433e+00
4.711000000000000298e+00
4.450999999999999623e+00
4.209999999999999964e+00
4.931000000000000050e+00
9.846000000000000085e+00
2.591000000000000014e+01
2.312999999999999901e+01
2.051000000000000156e+01
1.903999999999999915e+01
1.839000000000000057e+01
1.796999999999999886e+01
1.785999999999999943e+01
1.769999999999999929e+01
1.758999999999999986e+01
1.739000000000000057e+01
1.714999999999999858e+01
1.700000000000000000e+01
1.687000000000000099e+01
1.669999999999999929e+01
1.646000000000000085e+01
1.637000000000000099e+01
1.930999999999999872e+01
1.887000000000000099e+01
1.830999999999999872e+01
1.798999999999999844e+01
1.800000000000000000e+01
1.814000000000000057e+01
1.828000000000000114e+01
1.835999999999999943e+01
1.841000000000000014e+01
1.844999999999999929e+01
1.844999999999999929e+01
1.837000000000000099e+01
1.826999999999999957e+01
1.812000000000000099e+01
1.792999999999999972e+01
1.773999999999999844e+01
1.744000000000000128e+01
1.712000000000000099e+01
1.678000000000000114e+01
1.641000000000000014e+01
1.601000000000000156e+01
1.555000000000000071e+01
1.513000000000000078e+01
1.461999999999999922e+01
1.443999999999999950e+01
1.426999999999999957e+01
1.402999999999999936e+01
1.373000000000000043e+01
1.338000000000000078e+01
1.299000000000000021e+01
1.258000000000000007e+01
1.214000000000000057e+01
1.168999999999999950e+01
1.124000000000000021e+01
1.077999999999999936e+01
1.032000000000000028e+01
9.871999999999999886e+00
9.428000000000000824e+00
9.002000000000000668e+00
8.585000000000000853e+00
8.178000000000000824e+00
7.783999999999999808e+00
7.400999999999999801e+00
7.030999999999999694e+00
6.674000000000000377e+00
6.330000000000000071e+00
5.998999999999999666e+00
5.681000000000000050e+00
5.376999999999999780e+00
5.086000000000000298e+00
4.809000000000000163e+00
4.546999999999999709e+00
4.296999999999999709e+00
4.062000000000000277e+00
3.838999999999999968e+00
3.629999999999999893e+00
3.435000000000000053e+00
3.326000000000000068e+00
3.214999999999999858e+00
3.104000000000000092e+00
2.992999999999999883e+00
2.883999999999999897e+00
2.777000000000000135e+00
2.672000000000000153e+00
2.568999999999999950e+00
2.468999999999999861e+00
2.373000000000000220e+00
2.279999999999999805e+00
2.190999999999999837e+00
2.105999999999999872e+00
2.025999999999999801e+00
1.949999999999999956e+00
1.879000000000000004e+00
1.812999999999999945e+00
1.750999999999999890e+00
1.693999999999999950e+00
1.641000000000000014e+00
1.590999999999999970e+00
1.546000000000000041e+00
1.504000000000000004e+00
1.465999999999999970e+00
1.429999999999999938e+00
1.397000000000000020e+00
1.366999999999999993e+00
1.338999999999999968e+00
1.312000000000000055e+00
1.286999999999999922e+00
1.262999999999999901e+00
1.239999999999999991e+00
1.217000000000000082e+00
1.195000000000000062e+00
1.173000000000000043e+00
1.151999999999999913e+00
1.131000000000000005e+00
1.108999999999999986e+00
1.088000000000000078e+00
1.066999999999999948e+00
1.044999999999999929e+00
1.022999999999999909e+00
1.000999999999999890e+00
9.791999999999999593e-01
9.572000000000000508e-01
9.348999999999999533e-01
9.129000000000000448e-01
8.911000000000000032e-01
8.697000000000000286e-01
8.485000000000000320e-01
8.277999999999999803e-01
8.136999999999999789e-01
7.994999999999999885e-01
7.856999999999999540e-01
7.730000000000000204e-01
7.612999999999999767e-01
7.512999999999999678e-01
7.429000000000000048e-01
7.365000000000000435e-01
7.322999999999999510e-01
7.308999999999999941e-01
7.325000000000000400e-01
7.371999999999999664e-01
7.453999999999999515e-01
7.568000000000000282e-01
7.717000000000000526e-01
7.897999999999999465e-01
8.112000000000000322e-01
8.356000000000000094e-01
8.624000000000000554e-01
8.911999999999999922e-01
9.212000000000000188e-01
9.519999999999999574e-01
9.832999999999999519e-01
1.014000000000000012e+00
1.044000000000000039e+00
1.072000000000000064e+00
1.098999999999999977e+00
1.122999999999999998e+00
1.143000000000000016e+00
1.161000000000000032e+00
1.175000000000000044e+00
1.185000000000000053e+00
1.191999999999999948e+00
1.195000000000000062e+00
1.193999999999999950e+00
1.189999999999999947e+00
1.181999999999999940e+00
1.169999999999999929e+00
1.155000000000000027e+00
1.137999999999999901e+00
1.116999999999999993e+00
1.094999999999999973e+00
1.070000000000000062e+00
1.042999999999999927e+00
1.014999999999999902e+00
9.860999999999999766e-01
9.564000000000000279e-01
9.264000000000000012e-01
8.965999999999999526e-01
8.676000000000000378e-01
8.390999999999999570e-01
8.113000000000000211e-01
7.842999999999999972e-01
7.580000000000000071e-01
7.322999999999999510e-01
7.074000000000000288e-01
6.830000000000000515e-01
6.595999999999999641e-01
6.369000000000000217e-01
6.149999999999999911e-01
5.938999999999999835e-01
5.733000000000000318e-01
5.534000000000000030e-01
5.342000000000000082e-01
5.159000000000000252e-01
4.983000000000000207e-01
4.815999999999999726e-01
4.658999999999999808e-01
4.510000000000000120e-01
4.369999999999999996e-01
4.238000000000000100e-01
4.114999999999999769e-01
3.998999999999999777e-01
3.891999999999999904e-01
3.790999999999999925e-01
3.698000000000000176e-01
3.609999999999999876e-01
3.528999999999999915e-01
3.452999999999999958e-01
3.381000000000000116e-01
3.315000000000000169e-01
3.252999999999999781e-01
3.194000000000000172e-01
3.136999999999999789e-01
3.084000000000000075e-01
3.032000000000000250e-01
2.980999999999999761e-01
2.931000000000000272e-01
2.881000000000000227e-01
2.831000000000000183e-01
2.781000000000000139e-01
2.731999999999999984e-01
2.681000000000000050e-01
2.631999999999999895e-01
2.582999999999999741e-01
2.533000000000000251e-01
2.482999999999999929e-01
2.432999999999999885e-01
2.381999999999999951e-01
2.331000000000000016e-01
2.280000000000000082e-01
2.228999999999999870e-01
2.177999999999999936e-01
2.124999999999999944e-01
2.073000000000000120e-01
2.023000000000000076e-01
1.971999999999999864e-01
1.923999999999999877e-01
1.877999999999999947e-01
1.831000000000000127e-01
1.786999999999999977e-01
1.746000000000000052e-01
1.708000000000000074e-01
1.671999999999999875e-01
1.638999999999999901e-01
1.608999999999999875e-01
1.580000000000000016e-01
1.552000000000000046e-01
1.529000000000000081e-01
1.507999999999999896e-01
1.491000000000000103e-01
1.474999999999999922e-01
1.461000000000000076e-01
1.448000000000000120e-01
1.436999999999999944e-01
1.426000000000000045e-01
1.416000000000000036e-01
1.405000000000000138e-01
1.396999999999999909e-01
1.388999999999999957e-01
1.381999999999999895e-01
1.376000000000000001e-01
1.375000000000000111e-01
1.376999999999999891e-01
1.380000000000000115e-01
1.381999999999999895e-01
1.383999999999999952e-01
1.388000000000000067e-01
1.395000000000000129e-01
1.401000000000000023e-01
1.403000000000000080e-01
1.406999999999999917e-01
1.406999999999999917e-01
1.408000000000000085e-01
1.406999999999999917e-01
1.408999999999999975e-01
1.408999999999999975e-01
1.413000000000000089e-01
1.419999999999999873e-01
1.429999999999999882e-01
1.444999999999999896e-01
1.464000000000000024e-01
1.491000000000000103e-01
1.521000000000000130e-01
1.557000000000000051e-01
1.595999999999999919e-01
1.643999999999999906e-01
1.696999999999999897e-01
1.759000000000000008e-01
1.822000000000000008e-01
1.890999999999999903e-01
1.968000000000000027e-01
2.054999999999999882e-01
2.146000000000000130e-01
2.242999999999999994e-01
2.346000000000000030e-01
2.454000000000000070e-01
2.565999999999999948e-01
2.682999999999999829e-01
2.810000000000000275e-01
2.938000000000000056e-01
3.073000000000000176e-01
3.210999999999999965e-01
3.348999999999999755e-01
3.486000000000000210e-01
3.625999999999999779e-01
3.765999999999999903e-01
3.900000000000000133e-01
4.032999999999999918e-01
4.158000000000000029e-01
4.277000000000000246e-01
4.389000000000000123e-01
4.500000000000000111e-01
4.597999999999999865e-01
4.685000000000000275e-01
4.766000000000000236e-01
4.845999999999999752e-01
4.925999999999999823e-01
5.013999999999999568e-01
5.110000000000000098e-01
5.243999999999999773e-01
5.449000000000000510e-01
5.756000000000000005e-01
6.192999999999999616e-01
6.771000000000000352e-01
7.504999999999999449e-01
8.395000000000000240e-01
9.568999999999999728e-01
1.088000000000000078e+00
1.235999999999999988e+00
1.401999999999999913e+00
1.592000000000000082e+00
1.810000000000000053e+00
2.056999999999999940e+00
2.337000000000000188e+00
2.649000000000000021e+00
2.992999999999999883e+00
3.366000000000000103e+00
3.766000000000000014e+00
4.217999999999999972e+00
4.695000000000000284e+00
5.208999999999999631e+00
5.753999999999999559e+00
6.330000000000000071e+00
6.934999999999999609e+00
7.567000000000000171e+00
8.217999999999999972e+00
8.882999999999999119e+00
9.553000000000000824e+00
1.022000000000000064e+01
1.435999999999999943e+02
1.651999999999999886e+02
1.388000000000000114e+02
1.142999999999999972e+02
9.812000000000000455e+01
8.567000000000000171e+01
7.684000000000000341e+01
6.973000000000000398e+01
6.342000000000000171e+01
5.932000000000000028e+01
5.554999999999999716e+01
5.214000000000000057e+01
4.853999999999999915e+01
4.553000000000000114e+01
4.250999999999999801e+01
4.014000000000000057e+01
3.813000000000000256e+01
3.681000000000000227e+01
3.504999999999999716e+01
3.346999999999999886e+01
3.584000000000000341e+01
3.457999999999999829e+01
3.324000000000000199e+01
3.260999999999999943e+01
3.204999999999999716e+01
3.117999999999999972e+01
3.021000000000000085e+01
2.928999999999999915e+01
2.825000000000000000e+01
2.735999999999999943e+01
2.896000000000000085e+01
2.833999999999999986e+01
2.767999999999999972e+01
2.712000000000000099e+01
2.660999999999999943e+01
2.605000000000000071e+01
2.553000000000000114e+01
2.476999999999999957e+01
2.410000000000000142e+01
2.342999999999999972e+01
2.264999999999999858e+01
2.232999999999999829e+01
2.200000000000000000e+01
2.157999999999999829e+01
4.567999999999999972e+01
4.617000000000000171e+01
4.122999999999999687e+01
3.668999999999999773e+01
3.414999999999999858e+01
3.357000000000000028e+01
3.364999999999999858e+01
3.361999999999999744e+01
3.364000000000000057e+01
3.356000000000000227e+01
3.338000000000000256e+01
3.303999999999999915e+01
3.260000000000000142e+01
3.217000000000000171e+01
3.146000000000000085e+01
3.078000000000000114e+01
2.987000000000000099e+01
2.880999999999999872e+01
2.789000000000000057e+01
2.671999999999999886e+01
2.567999999999999972e+01
2.451999999999999957e+01
2.342999999999999972e+01
2.225000000000000000e+01
2.192999999999999972e+01
2.160000000000000142e+01
2.103999999999999915e+01
2.042000000000000171e+01
1.973999999999999844e+01
1.907000000000000028e+01
1.830000000000000071e+01
1.760999999999999943e+01
1.680000000000000071e+01
1.607000000000000028e+01
1.538000000000000078e+01
1.466000000000000014e+01
1.441000000000000014e+01
1.417999999999999972e+01
1.388000000000000078e+01
1.351999999999999957e+01
1.311999999999999922e+01
1.267999999999999972e+01
1.223000000000000043e+01
1.176999999999999957e+01
1.131000000000000050e+01
1.085999999999999943e+01
1.041000000000000014e+01
9.976000000000000867e+00
9.557000000000000384e+00
9.154999999999999361e+00
8.769000000000000128e+00
8.400000000000000355e+00
8.048000000000000043e+00
7.713000000000000078e+00
7.394000000000000128e+00
7.089999999999999858e+00
6.799999999999999822e+00
6.524000000000000021e+00
6.261000000000000121e+00
6.011000000000000121e+00
5.772000000000000242e+00
5.544999999999999929e+00
5.328999999999999737e+00
5.123000000000000220e+00
4.926999999999999602e+00
4.753999999999999559e+00
1.910999999999999943e+02
2.553000000000000114e+02
2.124000000000000057e+02
1.619000000000000057e+02
1.265999999999999943e+02
1.047000000000000028e+02
9.165999999999999659e+01
8.351000000000000512e+01
7.742000000000000171e+01
7.242000000000000171e+01
6.809000000000000341e+01
6.418000000000000682e+01
6.059000000000000341e+01
5.713000000000000256e+01
5.342999999999999972e+01
5.014999999999999858e+01
4.677000000000000313e+01
4.360999999999999943e+01
4.067999999999999972e+01
3.888000000000000256e+01
3.710999999999999943e+01
3.565999999999999659e+01
3.404999999999999716e+01
3.292000000000000171e+01
3.240999999999999659e+01
3.175000000000000000e+01
3.112999999999999901e+01
3.048000000000000043e+01
2.973000000000000043e+01
2.869999999999999929e+01
2.780000000000000071e+01
2.662999999999999901e+01
2.560999999999999943e+01
2.444000000000000128e+01
2.332000000000000028e+01
2.214000000000000057e+01
2.182999999999999829e+01
2.148000000000000043e+01
2.091000000000000014e+01
2.028999999999999915e+01
1.962999999999999901e+01
1.885999999999999943e+01
1.812000000000000099e+01
1.739000000000000057e+01
1.660999999999999943e+01
1.588000000000000078e+01
1.514000000000000057e+01
1.450999999999999979e+01
1.433999999999999986e+01
1.408999999999999986e+01
1.375000000000000000e+01
1.336999999999999922e+01
1.294999999999999929e+01
1.250000000000000000e+01
1.205000000000000071e+01
1.158000000000000007e+01
1.111999999999999922e+01
1.066000000000000014e+01
1.021000000000000085e+01
9.779999999999999361e+00
9.358999999999999986e+00
8.951999999999999957e+00
8.560999999999999943e+00
8.183999999999999275e+00
7.822000000000000064e+00
7.474000000000000199e+00
7.139000000000000234e+00
6.817000000000000171e+00
6.506000000000000227e+00
6.206999999999999851e+00
5.918000000000000149e+00
5.639000000000000234e+00
5.370000000000000107e+00
5.110000000000000320e+00
4.858999999999999986e+00
4.615999999999999659e+00
4.381000000000000227e+00
4.155000000000000249e+00
3.936999999999999833e+00
3.726999999999999869e+00
3.524000000000000021e+00
3.329000000000000181e+00
3.141999999999999904e+00
2.963000000000000078e+00
2.790999999999999925e+00
2.625999999999999890e+00
2.468999999999999861e+00
2.318999999999999950e+00
2.176000000000000156e+00
2.040000000000000036e+00
1.911000000000000032e+00
1.788999999999999924e+00
1.673999999999999932e+00
1.564999999999999947e+00
1.463999999999999968e+00
1.368999999999999995e+00
1.280999999999999917e+00
1.199000000000000066e+00
1.122999999999999998e+00
1.052999999999999936e+00
9.880999999999999783e-01
9.276999999999999691e-01
8.716000000000000414e-01
8.193000000000000282e-01
7.708000000000000407e-01
7.256000000000000227e-01
6.832000000000000295e-01
6.435999999999999499e-01
6.065000000000000391e-01
5.716999999999999860e-01
5.390000000000000346e-01
5.081999999999999851e-01
4.792000000000000148e-01
4.520000000000000129e-01
4.264999999999999902e-01
4.025000000000000244e-01
3.800000000000000044e-01
3.589999999999999858e-01
3.393999999999999795e-01
3.211999999999999855e-01
3.042000000000000259e-01
2.883000000000000007e-01
2.736999999999999988e-01
2.602999999999999758e-01
2.482999999999999929e-01
2.371999999999999942e-01
2.273999999999999910e-01
2.184000000000000108e-01
2.101999999999999980e-01
2.026999999999999913e-01
1.960999999999999965e-01
1.902000000000000079e-01
1.849000000000000088e-01
1.804000000000000048e-01
1.764000000000000012e-01
1.729999999999999871e-01
1.700000000000000122e-01
1.673000000000000043e-01
1.648999999999999910e-01
1.627000000000000113e-01
1.607000000000000095e-01
1.587000000000000077e-01
1.567000000000000060e-01
1.547999999999999932e-01
1.529999999999999971e-01
1.514000000000000068e-01
1.499000000000000055e-01
1.484000000000000041e-01
1.468000000000000138e-01
1.451999999999999957e-01
1.436999999999999944e-01
1.423999999999999988e-01
1.413000000000000089e-01
1.403000000000000080e-01
1.395000000000000129e-01
1.388000000000000067e-01
1.383000000000000063e-01
1.380000000000000115e-01
1.378999999999999948e-01
1.380000000000000115e-01
1.383000000000000063e-01
1.386000000000000010e-01
1.393000000000000071e-01
1.403000000000000080e-01
1.416000000000000036e-01
1.431000000000000050e-01
1.446999999999999953e-01
1.466000000000000081e-01
1.491999999999999993e-01
1.521000000000000130e-01
1.552000000000000046e-01
1.584000000000000130e-01
1.620999999999999941e-01
1.660999999999999976e-01
1.701999999999999902e-01
1.754000000000000004e-01
1.816000000000000114e-01
1.885999999999999899e-01
1.963000000000000023e-01
2.043000000000000094e-01
2.129000000000000059e-01
2.214000000000000135e-01
2.293999999999999928e-01
2.368999999999999995e-01
2.437000000000000000e-01
3.650999999999999801e-01
4.902000000000000246e-01
6.228000000000000203e-01
7.619000000000000217e-01
9.042999999999999927e-01
1.046000000000000041e+00
1.183000000000000052e+00
1.310999999999999943e+00
1.427999999999999936e+00
1.530999999999999917e+00
1.620000000000000107e+00
1.693000000000000060e+00
1.750999999999999890e+00
1.796000000000000041e+00
1.826999999999999957e+00
1.846000000000000085e+00
1.854999999999999982e+00
1.854000000000000092e+00
1.844999999999999973e+00
1.830000000000000071e+00
1.810000000000000053e+00
1.786000000000000032e+00
1.758000000000000007e+00
1.727999999999999980e+00
1.697000000000000064e+00
1.663999999999999924e+00
1.631000000000000005e+00
1.598000000000000087e+00
1.564999999999999947e+00
1.532999999999999918e+00
1.500999999999999890e+00
1.469999999999999973e+00
1.441000000000000059e+00
1.411999999999999922e+00
1.383999999999999897e+00
1.358999999999999986e+00
1.336000000000000076e+00
1.314999999999999947e+00
1.296000000000000041e+00
1.278000000000000025e+00
1.262999999999999901e+00
1.250999999999999890e+00
1.241999999999999993e+00
1.235999999999999988e+00
1.231000000000000094e+00
1.227999999999999980e+00
1.324000000000000066e+00
1.423000000000000043e+00
1.530999999999999917e+00
1.647000000000000020e+00
1.770000000000000018e+00
1.893999999999999906e+00
2.016000000000000014e+00
2.133000000000000007e+00
2.241000000000000103e+00
2.338000000000000078e+00
2.423999999999999932e+00
2.496999999999999886e+00
2.556999999999999940e+00
2.604999999999999982e+00
2.640000000000000124e+00
2.665000000000000036e+00
2.680000000000000160e+00
2.685999999999999943e+00
2.685000000000000053e+00
2.677000000000000046e+00
2.661999999999999922e+00
2.642999999999999794e+00
2.617999999999999883e+00
2.589999999999999858e+00
2.559000000000000163e+00
2.524999999999999911e+00
2.487999999999999989e+00
2.448999999999999844e+00
2.407000000000000028e+00
2.362999999999999989e+00
2.317000000000000171e+00
2.269000000000000128e+00
2.218999999999999861e+00
2.168000000000000149e+00
2.116000000000000103e+00
2.061999999999999833e+00
2.005999999999999783e+00
1.949000000000000066e+00
1.891999999999999904e+00
1.834000000000000075e+00
1.774999999999999911e+00
1.717000000000000082e+00
1.657000000000000028e+00
1.598000000000000087e+00
1.538999999999999924e+00
1.479999999999999982e+00
1.421000000000000041e+00
1.362000000000000099e+00
1.304000000000000048e+00
1.247000000000000108e+00
1.191000000000000059e+00
1.137000000000000011e+00
1.084999999999999964e+00
1.034999999999999920e+00
9.874000000000000554e-01
9.419999999999999485e-01
8.990000000000000213e-01
8.584000000000000519e-01
8.203000000000000291e-01
7.848000000000000531e-01
7.522999999999999687e-01
7.220999999999999641e-01
6.947999999999999732e-01
6.702000000000000179e-01
6.484999999999999654e-01
6.328000000000000291e-01
6.217000000000000304e-01
6.159999999999999920e-01
6.155000000000000471e-01
6.196000000000000396e-01
6.279000000000000137e-01
6.398000000000000353e-01
6.546999999999999487e-01
6.722000000000000197e-01
6.907999999999999696e-01
7.102000000000000535e-01
7.300999999999999712e-01
7.500000000000000000e-01
7.694999999999999618e-01
7.884999999999999787e-01
8.066999999999999726e-01
8.239999999999999547e-01
8.399999999999999689e-01
8.545000000000000373e-01
8.677000000000000268e-01
8.798000000000000265e-01
8.915999999999999481e-01
9.024999999999999689e-01
9.125999999999999668e-01
9.213000000000000078e-01
9.287999999999999590e-01
9.345999999999999863e-01
9.383000000000000229e-01
9.395999999999999908e-01
9.385999999999999899e-01
9.357999999999999652e-01
9.306999999999999718e-01
9.240000000000000435e-01
9.149000000000000465e-01
9.040000000000000258e-01
8.918000000000000371e-01
8.784999999999999476e-01
8.646000000000000352e-01
8.504000000000000448e-01
8.362000000000000544e-01
9.436999999999999833e-01
1.028000000000000025e+00
1.094999999999999973e+00
1.147000000000000020e+00
1.187000000000000055e+00
1.215999999999999970e+00
1.235000000000000098e+00
1.245999999999999996e+00
1.247999999999999998e+00
1.243999999999999995e+00
1.235000000000000098e+00
1.221999999999999975e+00
1.207000000000000073e+00
1.189999999999999947e+00
1.173000000000000043e+00
1.157000000000000028e+00
1.143000000000000016e+00
1.133000000000000007e+00
1.127999999999999892e+00
1.127000000000000002e+00
1.129000000000000004e+00
1.135000000000000009e+00
1.143999999999999906e+00
1.153999999999999915e+00
1.165000000000000036e+00
1.177000000000000046e+00
1.189999999999999947e+00
1.203999999999999959e+00
1.219000000000000083e+00
1.235000000000000098e+00
1.252000000000000002e+00
1.270999999999999908e+00
1.290000000000000036e+00
1.310999999999999943e+00
1.334000000000000075e+00
1.356999999999999984e+00
1.381999999999999895e+00
1.407000000000000028e+00
1.431999999999999940e+00
1.457000000000000073e+00
1.481999999999999984e+00
1.506000000000000005e+00
1.528000000000000025e+00
1.548000000000000043e+00
1.566000000000000059e+00
1.580999999999999961e+00
1.592999999999999972e+00
1.600999999999999979e+00
1.606000000000000094e+00
1.606999999999999984e+00
1.604000000000000092e+00
1.598000000000000087e+00
1.586999999999999966e+00
1.572000000000000064e+00
1.552999999999999936e+00
1.530999999999999917e+00
1.504999999999999893e+00
1.475999999999999979e+00
1.443999999999999950e+00
1.409000000000000030e+00
1.372000000000000108e+00
1.332999999999999963e+00
1.292000000000000037e+00
3.228999999999999915e+01
5.427000000000000313e+01
5.850000000000000000e+01
5.045000000000000284e+01
4.296999999999999886e+01
3.750000000000000000e+01
3.507000000000000028e+01
3.442999999999999972e+01
3.495000000000000284e+01
3.579999999999999716e+01
3.642000000000000171e+01
3.667999999999999972e+01
3.642999999999999972e+01
3.570000000000000284e+01
3.529999999999999716e+01
3.486999999999999744e+01
3.432000000000000028e+01
3.346999999999999886e+01
3.243999999999999773e+01
3.141000000000000014e+01
3.019000000000000128e+01
2.894999999999999929e+01
2.771000000000000085e+01
2.626999999999999957e+01
2.508999999999999986e+01
2.373999999999999844e+01
2.841000000000000014e+01
2.892999999999999972e+01
2.855000000000000071e+01
2.808999999999999986e+01
3.538000000000000256e+01
3.567999999999999972e+01
3.572999999999999687e+01
3.547999999999999687e+01
3.509000000000000341e+01
3.456000000000000227e+01
3.414999999999999858e+01
3.353000000000000114e+01
3.279999999999999716e+01
3.206000000000000227e+01
3.108999999999999986e+01
3.007000000000000028e+01
2.891000000000000014e+01
2.789999999999999858e+01
2.657999999999999829e+01
2.544000000000000128e+01
2.412999999999999901e+01
2.301000000000000156e+01
2.226000000000000156e+01
2.182999999999999829e+01
2.137000000000000099e+01
2.069999999999999929e+01
1.998000000000000043e+01
1.925000000000000000e+01
1.841000000000000014e+01
1.760999999999999943e+01
1.676000000000000156e+01
1.592999999999999972e+01
1.510999999999999943e+01
1.448000000000000043e+01
1.426999999999999957e+01
1.397000000000000064e+01
1.358000000000000007e+01
1.314000000000000057e+01
