1.663000000000000000e+07 6.102000000000000000e+05 7.421121037369493861e+05
1.716000000000000000e+07 6.176000000000000000e+05 3.422743019955752534e+05
1.579000000000000000e+07 5.924000000000000000e+05 4.726033625880042091e+06
1.582000000000000000e+07 6.015000000000000000e+05 2.729578520955460612e+06
1.568000000000000000e+07 5.986000000000000000e+05 3.956379394569041207e+06
1.732000000000000000e+07 6.176000000000000000e+05 1.785285676230961981e+05
1.543000000000000000e+07 5.922000000000000000e+05 5.791164500874024816e+06
1.630000000000000000e+07 6.029000000000000000e+05 1.846553520117788808e+06
1.485000000000000000e+07 5.913000000000000000e+05 7.242183716783426702e+06
1.474000000000000000e+07 6.032000000000000000e+05 5.195940951716104522e+06
1.542000000000000000e+07 5.899000000000000000e+05 6.916666418535482138e+06
1.574000000000000000e+07 6.069000000000000000e+05 2.622203031162413303e+06
1.553000000000000000e+07 5.922000000000000000e+05 5.446966649226039648e+06
1.557000000000000000e+07 5.867000000000000000e+05 1.467546330541271158e+07
1.576000000000000000e+07 5.957000000000000000e+05 4.022846297871727496e+06
1.579000000000000000e+07 6.081000000000000000e+05 2.456706950627410784e+06
1.514000000000000000e+07 5.904000000000000000e+05 7.626095373708235100e+06
1.455000000000000000e+07 5.991000000000000000e+05 6.472340430696832947e+06
1.558000000000000000e+07 5.930000000000000000e+05 4.971478823346683756e+06
1.599000000000000000e+07 5.992000000000000000e+05 2.824060266930641606e+06
1.479000000000000000e+07 5.969000000000000000e+05 5.190182412629812956e+06
1.532000000000000000e+07 6.045000000000000000e+05 3.449725590302957688e+06
1.494000000000000000e+07 6.035000000000000000e+05 4.525788034301614389e+06
1.463000000000000000e+07 5.856000000000000000e+05 2.543963449566975981e+07
1.545000000000000000e+07 5.943000000000000000e+05 4.860447854661428370e+06
1.584000000000000000e+07 6.015000000000000000e+05 2.700038302243299782e+06
1.524000000000000000e+07 6.046000000000000000e+05 3.600186603945590556e+06
1.567000000000000000e+07 5.986000000000000000e+05 3.969404755537205376e+06
1.606000000000000000e+07 5.909000000000000000e+05 4.906295151970646344e+06
1.540000000000000000e+07 6.077000000000000000e+05 3.294215044525190257e+06
1.540000000000000000e+07 5.917000000000000000e+05 5.891759756031250581e+06
1.648000000000000000e+07 6.086000000000000000e+05 1.081532152549118735e+06
1.559000000000000000e+07 5.994000000000000000e+05 4.076266229094323702e+06
1.565000000000000000e+07 6.079000000000000000e+05 2.750382922545240726e+06
1.633000000000000000e+07 5.975000000000000000e+05 2.806290055904443841e+06
1.384000000000000000e+07 5.893000000000000000e+05 1.562658770588603616e+07
1.292000000000000000e+07 5.872000000000000000e+05 3.040277209508659318e+07
1.731000000000000000e+07 6.173000000000000000e+05 3.190337727985701640e+05
1.699000000000000000e+07 6.054000000000000000e+05 1.312227211495787371e+06
1.561000000000000000e+07 6.010000000000000000e+05 3.291755040226703975e+06
1.716000000000000000e+07 6.175000000000000000e+05 3.547280896161760902e+05
1.556000000000000000e+07 5.909000000000000000e+05 5.310449275902359746e+06
1.453000000000000000e+07 5.859000000000000000e+05 2.454005198349557444e+07
1.611000000000000000e+07 5.996000000000000000e+05 2.446669364408788271e+06
1.404000000000000000e+07 5.886000000000000000e+05 1.251565709397764876e+07
1.590000000000000000e+07 5.886000000000000000e+05 5.521942349172685295e+06
1.352000000000000000e+07 5.883000000000000000e+05 2.303385453154588491e+07
1.486000000000000000e+07 5.945000000000000000e+05 5.988122718245440163e+06
1.527000000000000000e+07 6.013000000000000000e+05 3.727603493530244101e+06
1.407000000000000000e+07 5.985000000000000000e+05 7.629640302685219795e+06
1.564000000000000000e+07 6.011000000000000000e+05 3.091668456050873734e+06
1.588000000000000000e+07 6.020000000000000000e+05 2.562472485164741054e+06
1.599000000000000000e+07 5.972000000000000000e+05 3.058865182752568740e+06
1.548000000000000000e+07 6.047000000000000000e+05 3.261239558435566258e+06
1.583000000000000000e+07 5.955000000000000000e+05 4.413159017420175485e+06
1.517000000000000000e+07 5.973000000000000000e+05 4.246451981842432171e+06
1.631000000000000000e+07 6.028000000000000000e+05 1.969611494712511078e+06
1.634000000000000000e+07 6.066000000000000000e+05 1.318587632503627799e+06
1.662000000000000000e+07 6.086000000000000000e+05 9.015680818089391105e+05
1.552000000000000000e+07 6.018000000000000000e+05 3.150367025255545508e+06
1.651000000000000000e+07 6.097000000000000000e+05 9.864201761492233491e+05
1.708000000000000000e+07 6.171000000000000000e+05 6.078112068837985862e+05
1.414000000000000000e+07 5.880000000000000000e+05 1.376297866730104759e+07
1.439000000000000000e+07 5.944000000000000000e+05 7.599573346884484403e+06
1.563000000000000000e+07 5.961000000000000000e+05 4.365059733444900252e+06
1.550000000000000000e+07 6.078000000000000000e+05 3.082710990812470205e+06
1.540000000000000000e+07 5.874000000000000000e+05 7.405846073905315250e+06
1.460000000000000000e+07 5.882000000000000000e+05 1.035062552785106748e+07
1.513000000000000000e+07 5.913000000000000000e+05 7.131746054716446437e+06
1.536000000000000000e+07 5.887000000000000000e+05 7.758810942901020870e+06
1.456000000000000000e+07 5.948000000000000000e+05 6.427859069738809019e+06
1.488000000000000000e+07 5.866000000000000000e+05 1.470894591108284332e+07
1.733000000000000000e+07 6.207000000000000000e+05 0.000000000000000000e+00
1.533000000000000000e+07 5.879000000000000000e+05 1.360129408476704359e+07
1.541000000000000000e+07 6.014000000000000000e+05 3.469121701005384792e+06
1.383000000000000000e+07 5.909000000000000000e+05 1.471776820770035312e+07
1.612000000000000000e+07 5.884000000000000000e+05 4.898836011853717268e+06
1.659000000000000000e+07 6.101000000000000000e+05 8.135630124809402041e+05
1.433000000000000000e+07 5.888000000000000000e+05 1.136922485219366662e+07
1.503000000000000000e+07 6.038000000000000000e+05 4.256395684231497347e+06
1.497000000000000000e+07 6.005000000000000000e+05 4.616732709272800945e+06
1.594000000000000000e+07 5.938000000000000000e+05 3.857296325466636568e+06
1.397000000000000000e+07 5.888000000000000000e+05 1.595097347275674343e+07
1.444000000000000000e+07 5.972000000000000000e+05 7.241158224872888997e+06
1.733000000000000000e+07 6.207000000000000000e+05 0.000000000000000000e+00
1.647000000000000000e+07 6.055000000000000000e+05 1.259773254349995870e+06
1.516000000000000000e+07 5.850000000000000000e+05 3.136163829681435600e+07
1.462000000000000000e+07 5.863000000000000000e+05 2.068461927501053363e+07
1.387000000000000000e+07 5.846000000000000000e+05 3.641509336497026682e+07
1.365000000000000000e+07 5.887000000000000000e+05 1.913462722515184060e+07
1.408000000000000000e+07 5.920000000000000000e+05 8.804903313358403742e+06
1.367000000000000000e+07 5.881000000000000000e+05 2.118992259963093325e+07
1.573000000000000000e+07 6.049000000000000000e+05 2.766972901083317585e+06
1.595000000000000000e+07 5.929000000000000000e+05 4.704486830284335651e+06
1.586000000000000000e+07 6.022000000000000000e+05 2.492965604349154513e+06
1.475000000000000000e+07 6.032000000000000000e+05 5.163796575603016652e+06
1.551000000000000000e+07 5.868000000000000000e+05 1.438068744252018631e+07
1.470000000000000000e+07 5.998000000000000000e+05 5.666531482055624947e+06
1.508000000000000000e+07 6.037000000000000000e+05 4.229851682561064139e+06
1.427000000000000000e+07 5.971000000000000000e+05 7.431786897826179862e+06
1.429000000000000000e+07 5.991000000000000000e+05 6.883078384186766110e+06
1.563000000000000000e+07 5.964000000000000000e+05 3.983912915457398631e+06
1.374000000000000000e+07 5.873000000000000000e+05 2.040767100552991778e+07
1.495000000000000000e+07 5.890000000000000000e+05 8.300748972086377442e+06
1.649000000000000000e+07 6.096000000000000000e+05 1.013496172421883675e+06
1.558000000000000000e+07 5.869000000000000000e+05 1.266466622613192536e+07
1.525000000000000000e+07 6.046000000000000000e+05 3.565440453603766393e+06
1.644000000000000000e+07 6.040000000000000000e+05 1.324346635804431513e+06
1.539000000000000000e+07 5.903000000000000000e+05 6.164017964967251755e+06
1.699000000000000000e+07 6.055000000000000000e+05 1.193796653842823114e+06
1.591000000000000000e+07 5.905000000000000000e+05 5.062376294959028251e+06
1.627000000000000000e+07 6.053000000000000000e+05 1.520941339349132497e+06
1.336000000000000000e+07 5.895000000000000000e+05 2.405079338606094941e+07
1.456000000000000000e+07 5.980000000000000000e+05 6.048401381685817614e+06
1.570000000000000000e+07 5.979000000000000000e+05 3.693851145762543194e+06
1.450000000000000000e+07 5.945000000000000000e+05 7.088334844887437299e+06
1.635000000000000000e+07 6.092000000000000000e+05 1.300923255030287895e+06
1.521000000000000000e+07 5.975000000000000000e+05 4.136598954320356715e+06
1.504000000000000000e+07 5.861000000000000000e+05 2.282605228446920216e+07
1.443000000000000000e+07 5.860000000000000000e+05 2.706223584366576374e+07
1.384000000000000000e+07 5.927000000000000000e+05 1.074848176528938115e+07
1.396000000000000000e+07 5.900000000000000000e+05 1.156289753195995279e+07
1.291000000000000000e+07 5.872000000000000000e+05 3.175741502169541270e+07
1.335000000000000000e+07 5.847000000000000000e+05 4.132652806113452464e+07
1.391000000000000000e+07 5.852000000000000000e+05 2.919685837466474622e+07
1.574000000000000000e+07 5.985000000000000000e+05 3.583595212223196868e+06
1.441000000000000000e+07 5.921000000000000000e+05 7.743874228687009774e+06
1.498000000000000000e+07 5.933000000000000000e+05 6.400968991482706740e+06
1.497000000000000000e+07 6.037000000000000000e+05 4.455079950391129591e+06
1.410000000000000000e+07 5.869000000000000000e+05 1.659142334985371120e+07
1.712000000000000000e+07 6.109000000000000000e+05 3.794746035239674966e+05
1.483000000000000000e+07 5.863000000000000000e+05 1.740870326774929091e+07
1.471000000000000000e+07 5.865000000000000000e+05 2.043934483184416592e+07
1.732000000000000000e+07 6.166000000000000000e+05 2.283811472417410696e+05
1.467000000000000000e+07 5.948000000000000000e+05 6.033100367496990599e+06
1.638000000000000000e+07 6.034000000000000000e+05 1.605971856634507421e+06
1.401000000000000000e+07 5.886000000000000000e+05 1.266170196842212044e+07
1.389000000000000000e+07 5.913000000000000000e+05 1.159267700922657922e+07
1.348000000000000000e+07 5.871000000000000000e+05 2.492190781058558822e+07
1.290000000000000000e+07 5.852000000000000000e+05 3.274979703579256311e+07
1.367000000000000000e+07 5.885000000000000000e+05 1.806977099149036780e+07
1.629000000000000000e+07 5.957000000000000000e+05 2.841224135393646546e+06
1.604000000000000000e+07 6.024000000000000000e+05 2.172439894990195520e+06
1.554000000000000000e+07 6.003000000000000000e+05 3.458609886321458034e+06
1.562000000000000000e+07 6.042000000000000000e+05 2.973837785057065077e+06
1.413000000000000000e+07 5.882000000000000000e+05 1.247906123146544397e+07
1.406000000000000000e+07 5.889000000000000000e+05 1.180988450434158184e+07
1.424000000000000000e+07 5.969000000000000000e+05 7.568776789649335667e+06
1.595000000000000000e+07 5.990000000000000000e+05 2.920899620004822500e+06
1.717000000000000000e+07 6.176000000000000000e+05 3.209476395238975529e+05
1.476000000000000000e+07 5.967000000000000000e+05 5.960380719988433644e+06
1.392000000000000000e+07 5.866000000000000000e+05 2.163741194942787290e+07
1.368000000000000000e+07 5.853000000000000000e+05 2.982777671169594303e+07
1.545000000000000000e+07 6.001000000000000000e+05 3.583640813403861597e+06
1.294000000000000000e+07 5.860000000000000000e+05 2.711598685583595559e+07
1.589000000000000000e+07 5.912000000000000000e+05 4.786019385289275087e+06
1.349000000000000000e+07 5.885000000000000000e+05 2.245287556302273273e+07
1.501000000000000000e+07 5.953000000000000000e+05 4.903902985741494223e+06
1.455000000000000000e+07 5.909000000000000000e+05 7.946952927981385961e+06
1.445000000000000000e+07 5.892000000000000000e+05 8.694514167797202244e+06
1.648000000000000000e+07 6.085000000000000000e+05 1.095321430803577648e+06
1.639000000000000000e+07 6.035000000000000000e+05 1.558379939460785128e+06
1.330000000000000000e+07 5.878000000000000000e+05 2.430767156360743195e+07
1.627000000000000000e+07 6.063000000000000000e+05 1.480477716136342846e+06
1.520000000000000000e+07 5.914000000000000000e+05 5.914824034647030756e+06
1.709000000000000000e+07 6.171000000000000000e+05 5.799338641087136930e+05
1.505000000000000000e+07 5.914000000000000000e+05 6.383028029265880585e+06
1.357000000000000000e+07 5.870000000000000000e+05 2.327575635390058160e+07
1.506000000000000000e+07 5.880000000000000000e+05 1.332300083595584892e+07
1.399000000000000000e+07 5.963000000000000000e+05 9.143616973604397848e+06
1.630000000000000000e+07 5.981000000000000000e+05 2.504281709175882861e+06
1.367000000000000000e+07 5.882000000000000000e+05 1.826678751475346088e+07
1.571000000000000000e+07 6.080000000000000000e+05 2.621729949358571786e+06
1.666000000000000000e+07 6.104000000000000000e+05 6.896320641328425845e+05
1.621000000000000000e+07 5.999000000000000000e+05 2.073251032971345587e+06
1.603000000000000000e+07 6.024000000000000000e+05 2.189981976272859145e+06
1.378000000000000000e+07 5.882000000000000000e+05 1.629629220643750578e+07
1.627000000000000000e+07 5.977000000000000000e+05 2.508798583839531057e+06
1.366000000000000000e+07 5.901000000000000000e+05 1.544711698212025687e+07
1.545000000000000000e+07 5.926000000000000000e+05 5.195740895576602779e+06
1.419000000000000000e+07 5.923000000000000000e+05 7.854119169832065701e+06
1.382000000000000000e+07 5.925000000000000000e+05 1.285228910425519012e+07
1.349000000000000000e+07 5.871000000000000000e+05 2.466523679078976437e+07
1.587000000000000000e+07 6.022000000000000000e+05 2.485076222966443747e+06
1.669000000000000000e+07 6.106000000000000000e+05 6.269085355652208673e+05
1.382000000000000000e+07 5.932000000000000000e+05 1.173017288164374419e+07
1.452000000000000000e+07 5.878000000000000000e+05 1.413362186720339395e+07
1.554000000000000000e+07 6.017000000000000000e+05 3.173139005647640210e+06
1.733000000000000000e+07 6.207000000000000000e+05 0.000000000000000000e+00
1.290000000000000000e+07 5.852000000000000000e+05 3.274979703579256311e+07
1.668000000000000000e+07 6.075000000000000000e+05 8.036211420120215043e+05
1.642000000000000000e+07 6.039000000000000000e+05 1.396573093329111813e+06
1.405000000000000000e+07 5.894000000000000000e+05 9.672809797190763056e+06
1.371000000000000000e+07 5.919000000000000000e+05 1.544022775106801838e+07
1.602000000000000000e+07 6.056000000000000000e+05 1.981263473631778732e+06
1.371000000000000000e+07 5.887000000000000000e+05 1.734859901728348807e+07
1.503000000000000000e+07 6.010000000000000000e+05 4.563557579293206334e+06
1.573000000000000000e+07 5.988000000000000000e+05 3.234303755709869787e+06
1.621000000000000000e+07 5.979000000000000000e+05 2.930419647183898836e+06
1.410000000000000000e+07 5.871000000000000000e+05 1.565318542344989814e+07