1.278000000000000000e+07 5.835000000000000000e+05 3.865574241243149340e+07
1.285000000000000000e+07 5.846000000000000000e+05 2.642678816876253486e+07
1.400000000000000000e+07 5.868000000000000000e+05 1.051439794915449992e+07
1.284000000000000000e+07 5.839000000000000000e+05 2.735505974105337635e+07
1.282000000000000000e+07 5.836000000000000000e+05 3.373845905626602471e+07
1.275000000000000000e+07 5.839000000000000000e+05 4.200903065660092235e+07
1.316000000000000000e+07 5.837000000000000000e+05 3.217980349075649679e+07
1.275000000000000000e+07 5.835000000000000000e+05 4.342065116588494927e+07
1.276000000000000000e+07 5.835000000000000000e+05 3.995710534070829302e+07
1.275000000000000000e+07 5.838000000000000000e+05 4.300200700242461264e+07
1.300000000000000000e+07 5.879000000000000000e+05 1.776403536124521866e+07
1.315000000000000000e+07 5.836000000000000000e+05 3.316094475236719102e+07
1.467000000000000000e+07 5.992000000000000000e+05 5.717725797862669453e+06
1.405000000000000000e+07 5.872000000000000000e+05 1.020755267715271935e+07
1.389000000000000000e+07 5.933000000000000000e+05 8.491309380302401260e+06
1.311000000000000000e+07 5.863000000000000000e+05 1.544021372847824730e+07
1.464000000000000000e+07 5.945000000000000000e+05 5.954956420159771107e+06
1.437000000000000000e+07 5.943000000000000000e+05 6.851054180690983310e+06
1.715000000000000000e+07 6.118000000000000000e+05 1.602017612768898834e+05
1.282000000000000000e+07 5.858000000000000000e+05 2.842631219960585609e+07
1.630000000000000000e+07 6.065000000000000000e+05 1.391030668851253577e+06
1.339000000000000000e+07 5.878000000000000000e+05 1.215577510396477021e+07
1.427000000000000000e+07 5.920000000000000000e+05 7.443426813227159902e+06
1.299000000000000000e+07 5.842000000000000000e+05 2.037299417298755795e+07
1.626000000000000000e+07 6.016000000000000000e+05 1.665778448472582968e+06
1.350000000000000000e+07 5.938000000000000000e+05 1.091862429408309050e+07
1.460000000000000000e+07 5.957000000000000000e+05 6.104625130164033733e+06
1.422000000000000000e+07 5.885000000000000000e+05 7.886585198664567433e+06
1.353000000000000000e+07 5.865000000000000000e+05 1.204078679949039966e+07
1.376000000000000000e+07 5.857000000000000000e+05 1.169902619633920863e+07
1.379000000000000000e+07 5.924000000000000000e+05 9.074779606999147683e+06
1.280000000000000000e+07 5.850000000000000000e+05 3.096719859191248566e+07
1.361000000000000000e+07 5.912000000000000000e+05 1.062313082810375839e+07
1.317000000000000000e+07 5.869000000000000000e+05 1.483687501174187660e+07
1.289000000000000000e+07 5.865000000000000000e+05 2.083457152217176184e+07
1.495000000000000000e+07 5.951000000000000000e+05 4.863835881369598210e+06
1.604000000000000000e+07 6.003000000000000000e+05 2.224724584691426717e+06
1.276000000000000000e+07 5.838000000000000000e+05 3.931025034878592193e+07
1.662000000000000000e+07 6.102000000000000000e+05 7.541568796571005369e+05
1.296000000000000000e+07 5.843000000000000000e+05 2.172445801635888219e+07
1.326000000000000000e+07 5.904000000000000000e+05 1.250283300465299748e+07
1.645000000000000000e+07 6.024000000000000000e+05 1.199857211181826191e+06
1.283000000000000000e+07 5.867000000000000000e+05 2.777498274176947027e+07
1.621000000000000000e+07 6.066000000000000000e+05 1.595366877889749128e+06
1.446000000000000000e+07 5.894000000000000000e+05 7.462385678522893228e+06
1.292000000000000000e+07 5.864000000000000000e+05 1.988587821807256341e+07
1.667000000000000000e+07 6.085000000000000000e+05 6.650652130049740663e+05
1.384000000000000000e+07 5.881000000000000000e+05 9.200340363238105550e+06
1.393000000000000000e+07 5.964000000000000000e+05 8.190631610703934915e+06
1.709000000000000000e+07 6.104000000000000000e+05 3.154785879395363154e+05
1.281000000000000000e+07 5.850000000000000000e+05 2.921994215796988457e+07
1.373000000000000000e+07 5.931000000000000000e+05 9.372470049869738519e+06
1.728000000000000000e+07 6.173000000000000000e+05 1.154712258939684216e+04
1.276000000000000000e+07 5.834000000000000000e+05 4.331024076381031424e+07
1.566000000000000000e+07 5.930000000000000000e+05 3.669927940318072215e+06
1.358000000000000000e+07 5.876000000000000000e+05 1.138829999899446778e+07
1.661000000000000000e+07 6.056000000000000000e+05 8.214934117668484105e+05
1.561000000000000000e+07 6.079000000000000000e+05 2.839577912571934983e+06
1.639000000000000000e+07 6.008000000000000000e+05 1.255344765363458078e+06
1.487000000000000000e+07 5.979000000000000000e+05 4.977143191750052385e+06
1.443000000000000000e+07 5.888000000000000000e+05 7.645443833465769887e+06
1.670000000000000000e+07 6.106000000000000000e+05 6.106455164958901005e+05
1.538000000000000000e+07 5.926000000000000000e+05 4.544354925869795494e+06
1.410000000000000000e+07 5.935000000000000000e+05 7.985016862274505198e+06
1.281000000000000000e+07 5.845000000000000000e+05 2.970821032802081853e+07
1.499000000000000000e+07 5.998000000000000000e+05 4.763830185162287205e+06
1.585000000000000000e+07 5.982000000000000000e+05 2.896104228161995299e+06
1.402000000000000000e+07 5.861000000000000000e+05 1.104473689956813306e+07
1.698000000000000000e+07 6.089000000000000000e+05 4.837847262435798184e+05
1.386000000000000000e+07 5.909000000000000000e+05 8.999934929120793939e+06
1.348000000000000000e+07 5.844000000000000000e+05 1.902536911760532483e+07
1.463000000000000000e+07 5.928000000000000000e+05 6.215203330206030048e+06
1.563000000000000000e+07 5.899000000000000000e+05 4.187224925705192611e+06
1.303000000000000000e+07 5.854000000000000000e+05 1.876083484545873851e+07
1.288000000000000000e+07 5.847000000000000000e+05 2.276935467828603089e+07
1.395000000000000000e+07 5.973000000000000000e+05 8.066315922422402538e+06
1.633000000000000000e+07 6.029000000000000000e+05 1.532716957636590814e+06
1.281000000000000000e+07 5.837000000000000000e+05 3.276152763933560252e+07
1.286000000000000000e+07 5.842000000000000000e+05 2.481030085823454335e+07
1.527000000000000000e+07 6.010000000000000000e+05 3.630512374483458698e+06
1.287000000000000000e+07 5.855000000000000000e+05 2.348420943746990710e+07
1.294000000000000000e+07 5.848000000000000000e+05 2.133537594556070864e+07
1.322000000000000000e+07 5.841000000000000000e+05 2.556433586113312095e+07
1.320000000000000000e+07 5.873000000000000000e+05 1.434765870425350405e+07
1.578000000000000000e+07 6.019000000000000000e+05 2.757944585778503213e+06
1.722000000000000000e+07 6.148000000000000000e+05 4.831653891177891637e+04
1.616000000000000000e+07 6.041000000000000000e+05 1.846445704587474931e+06
1.512000000000000000e+07 5.990000000000000000e+05 4.107756717040993273e+06
1.277000000000000000e+07 5.836000000000000000e+05 3.680956865923879296e+07
1.706000000000000000e+07 6.093000000000000000e+05 3.710569402525257319e+05
1.717000000000000000e+07 6.108000000000000000e+05 1.117168431923055468e+05
1.278000000000000000e+07 5.837000000000000000e+05 3.528588274820843339e+07
1.643000000000000000e+07 6.036000000000000000e+05 1.165796860161905643e+06
1.571000000000000000e+07 5.962000000000000000e+05 3.582071648784894496e+06
1.468000000000000000e+07 5.968000000000000000e+05 5.649368336086112075e+06
1.491000000000000000e+07 5.954000000000000000e+05 5.078680011884664185e+06
1.284000000000000000e+07 5.840000000000000000e+05 2.722289995902049541e+07
1.569000000000000000e+07 6.043000000000000000e+05 2.674296337102556136e+06
1.690000000000000000e+07 6.038000000000000000e+05 7.644405141976233572e+05
1.653000000000000000e+07 6.098000000000000000e+05 9.404069269484514371e+05
1.720000000000000000e+07 6.141000000000000000e+05 6.374418186143133789e+04
1.699000000000000000e+07 6.091000000000000000e+05 4.372356069299769588e+05
1.733000000000000000e+07 6.207000000000000000e+05 0.000000000000000000e+00
1.450000000000000000e+07 5.970000000000000000e+05 6.206649671034207568e+06
1.334000000000000000e+07 5.854000000000000000e+05 1.714892564250516891e+07
1.594000000000000000e+07 6.044000000000000000e+05 2.160831093058230821e+06
1.554000000000000000e+07 6.061000000000000000e+05 2.990457403873062693e+06
1.432000000000000000e+07 5.903000000000000000e+05 7.236460044453226961e+06
1.342000000000000000e+07 5.855000000000000000e+05 1.358603296887091361e+07
1.327000000000000000e+07 5.861000000000000000e+05 1.381481395582080074e+07
1.441000000000000000e+07 5.868000000000000000e+05 9.720758175030134618e+06
1.382000000000000000e+07 5.914000000000000000e+05 8.818949095169361681e+06
1.291000000000000000e+07 5.853000000000000000e+05 2.114366699075770378e+07
1.304000000000000000e+07 5.861000000000000000e+05 1.819101755286731571e+07
1.324000000000000000e+07 5.871000000000000000e+05 1.274169999928397499e+07
1.582000000000000000e+07 6.060000000000000000e+05 2.416566053250676952e+06
1.345000000000000000e+07 5.890000000000000000e+05 1.136806410487601906e+07
1.555000000000000000e+07 5.985000000000000000e+05 3.379857527329665609e+06
1.724000000000000000e+07 6.158000000000000000e+05 2.938725384568815934e+04
1.455000000000000000e+07 5.934000000000000000e+05 6.471421879248041660e+06
1.452000000000000000e+07 5.870000000000000000e+05 8.258574786973633803e+06
1.285000000000000000e+07 5.848000000000000000e+05 2.578581152708965912e+07
1.362000000000000000e+07 5.900000000000000000e+05 1.068671391085342690e+07
1.684000000000000000e+07 6.024000000000000000e+05 1.047914265062427614e+06
1.279000000000000000e+07 5.862000000000000000e+05 3.289242488786586374e+07
1.280000000000000000e+07 5.842000000000000000e+05 3.445955405932288617e+07
1.712000000000000000e+07 6.111000000000000000e+05 2.247766594274587696e+05
1.305000000000000000e+07 5.878000000000000000e+05 1.568129554930461757e+07
1.280000000000000000e+07 5.858000000000000000e+05 3.041955566610885412e+07
1.733000000000000000e+07 6.179000000000000000e+05 4.200000000000000000e+03
1.288000000000000000e+07 5.856000000000000000e+05 2.246848401056493074e+07
1.309000000000000000e+07 5.861000000000000000e+05 1.591028636909168027e+07
1.368000000000000000e+07 5.886000000000000000e+05 9.962532662352196872e+06
1.318000000000000000e+07 5.882000000000000000e+05 1.431012809890965559e+07
1.598000000000000000e+07 6.001000000000000000e+05 2.346530497894785833e+06
1.476000000000000000e+07 5.941000000000000000e+05 5.495470352070827968e+06
1.631000000000000000e+07 6.049000000000000000e+05 1.391323510335870087e+06
1.417000000000000000e+07 5.930000000000000000e+05 7.824127866011238657e+06
1.732000000000000000e+07 6.133000000000000000e+05 2.284266138743416013e+04
1.331000000000000000e+07 5.888000000000000000e+05 1.231582423479476199e+07
1.282000000000000000e+07 5.845000000000000000e+05 2.874030287724663317e+07
1.302000000000000000e+07 5.844000000000000000e+05 1.935682460355349258e+07
1.503000000000000000e+07 5.957000000000000000e+05 4.820006627133969218e+06
1.625000000000000000e+07 5.994000000000000000e+05 2.078426338691673940e+06
1.508000000000000000e+07 6.008000000000000000e+05 4.212061573919843882e+06
1.439000000000000000e+07 5.916000000000000000e+05 7.067962340232368559e+06
1.733000000000000000e+07 6.207000000000000000e+05 0.000000000000000000e+00
1.478000000000000000e+07 5.890000000000000000e+05 6.361574199284140021e+06
1.552000000000000000e+07 6.071000000000000000e+05 3.029643380622784141e+06
1.707000000000000000e+07 6.084000000000000000e+05 3.884051406947902869e+05
1.387000000000000000e+07 5.946000000000000000e+05 8.534408009276445955e+06
1.483000000000000000e+07 5.987000000000000000e+05 5.095361927814988419e+06
1.696000000000000000e+07 6.055000000000000000e+05 5.532793557012903038e+05
1.322000000000000000e+07 5.869000000000000000e+05 1.324211039899946935e+07
1.702000000000000000e+07 6.094000000000000000e+05 4.107596206477406668e+05
1.365000000000000000e+07 5.897000000000000000e+05 1.079275229113026708e+07
1.632000000000000000e+07 5.995000000000000000e+05 2.024993766111683333e+06
1.716000000000000000e+07 6.125000000000000000e+05 1.126232774877252086e+05
1.521000000000000000e+07 5.931000000000000000e+05 4.754784676714058034e+06
1.357000000000000000e+07 5.944000000000000000e+05 1.038518909600677155e+07
1.415000000000000000e+07 5.907000000000000000e+05 8.093215525005042553e+06
1.500000000000000000e+07 6.014000000000000000e+05 4.579596882939606905e+06
1.713000000000000000e+07 6.114000000000000000e+05 1.869545344643515709e+05
1.498000000000000000e+07 5.999000000000000000e+05 4.696473266242746264e+06
1.558000000000000000e+07 6.031000000000000000e+05 3.034906098052443936e+06
1.336000000000000000e+07 5.897000000000000000e+05 1.208469351779107749e+07
1.603000000000000000e+07 6.056000000000000000e+05 2.086109097047596239e+06
1.545000000000000000e+07 6.025000000000000000e+05 3.581332265109111555e+06
1.617000000000000000e+07 6.041000000000000000e+05 1.815763991042325739e+06
1.296000000000000000e+07 5.865000000000000000e+05 1.973949067518198118e+07
1.612000000000000000e+07 6.008000000000000000e+05 2.046866705237968359e+06
1.494000000000000000e+07 5.949000000000000000e+05 5.157727276955071837e+06
1.277000000000000000e+07 5.835000000000000000e+05 3.944623665032823384e+07
1.429000000000000000e+07 5.953000000000000000e+05 7.160590043178427964e+06
1.657000000000000000e+07 6.076000000000000000e+05 8.703376852067559958e+05
1.545000000000000000e+07 6.048000000000000000e+05 3.147591039275711402e+06
1.591000000000000000e+07 6.023000000000000000e+05 2.399319867671727203e+06
1.473000000000000000e+07 5.917000000000000000e+05 5.587884492013315670e+06
1.307000000000000000e+07 5.856000000000000000e+05 1.643067423955886066e+07
1.726000000000000000e+07 6.165000000000000000e+05 1.967678294507812461e+04
1.716000000000000000e+07 6.125000000000000000e+05 1.126232774877252086e+05
1.588000000000000000e+07 5.972000000000000000e+05 2.533177807944973931e+06
1.316000000000000000e+07 5.872000000000000000e+05 1.469132181247724965e+07
1.533000000000000000e+07 6.076000000000000000e+05 3.468274300977581646e+06
1.537000000000000000e+07 5.921000000000000000e+05 4.605841476338986307e+06
1.287000000000000000e+07 5.853000000000000000e+05 2.442828732580964640e+07
1.606000000000000000e+07 6.005000000000000000e+05 2.176325401319236029e+06
1.516000000000000000e+07 6.022000000000000000e+05 3.977217277667859569e+06
1.458000000000000000e+07 5.914000000000000000e+05 6.338279597298264503e+06
1.510000000000000000e+07 6.007000000000000000e+05 4.052949601421421859e+06
1.367000000000000000e+07 5.893000000000000000e+05 9.996046161172360182e+06
1.575000000000000000e+07 6.080000000000000000e+05 2.550194686039411463e+06
1.454000000000000000e+07 5.921000000000000000e+05 6.593406141996609047e+06
1.626000000000000000e+07 6.013000000000000000e+05 1.682793016428839881e+06
1.608000000000000000e+07 6.040000000000000000e+05 1.859413957942248788e+06
1.280000000000000000e+07 5.844000000000000000e+05 3.390732326799647510e+07
1.649000000000000000e+07 6.037000000000000000e+05 1.152245286386194639e+06
1.649000000000000000e+07 6.043000000000000000e+05 1.033266156979043037e+06
1.342000000000000000e+07 5.862000000000000000e+05 1.311206440801639855e+07
1.321000000000000000e+07 5.883000000000000000e+05 1.394159541631915234e+07