1.733000000000000000e+07 6.207000000000000000e+05 0.000000000000000000e+00
1.659000000000000000e+07 5.867000000000000000e+05 5.876399416639486328e+06
1.673000000000000000e+07 5.957000000000000000e+05 1.345648603180473670e+06
1.698000000000000000e+07 6.010000000000000000e+05 7.012831731081542093e+05
1.664000000000000000e+07 5.914000000000000000e+05 2.648767260318764485e+06
1.658000000000000000e+07 5.858000000000000000e+05 7.649824782176544890e+06
1.661000000000000000e+07 5.870000000000000000e+05 5.270118123917834833e+06
1.687000000000000000e+07 6.036000000000000000e+05 6.656589041330546606e+05
1.660000000000000000e+07 5.887000000000000000e+05 4.846043356587867253e+06
1.688000000000000000e+07 6.072000000000000000e+05 6.095974487002447713e+05
1.733000000000000000e+07 6.174000000000000000e+05 4.234230695087400818e+03
1.706000000000000000e+07 6.092000000000000000e+05 4.380127244779196335e+05
1.659000000000000000e+07 5.862000000000000000e+05 6.397935039270516485e+06
1.703000000000000000e+07 6.071000000000000000e+05 4.847336296868523350e+05
1.670000000000000000e+07 5.948000000000000000e+05 1.756539525949321920e+06
1.697000000000000000e+07 5.997000000000000000e+05 7.846525064850196941e+05
1.658000000000000000e+07 5.860000000000000000e+05 7.402279488150436431e+06
1.702000000000000000e+07 6.023000000000000000e+05 5.147899885852635489e+05
1.679000000000000000e+07 6.041000000000000000e+05 9.145106910605444573e+05
1.659000000000000000e+07 5.884000000000000000e+05 5.460779054728003219e+06
1.664000000000000000e+07 5.912000000000000000e+05 2.679199145426482894e+06
1.660000000000000000e+07 5.869000000000000000e+05 5.674839469252928160e+06
1.720000000000000000e+07 6.109000000000000000e+05 6.508258240646430204e+04
1.662000000000000000e+07 5.873000000000000000e+05 4.532799642760562710e+06
1.694000000000000000e+07 5.978000000000000000e+05 1.075847209906710777e+06
1.687000000000000000e+07 6.057000000000000000e+05 6.417691071128033800e+05
1.725000000000000000e+07 6.130000000000000000e+05 2.539427058714429586e+04
1.688000000000000000e+07 6.039000000000000000e+05 6.138277602495078463e+05
1.661000000000000000e+07 5.877000000000000000e+05 4.588736435014128685e+06
1.657000000000000000e+07 5.854000000000000000e+05 8.825445294818917289e+06
1.698000000000000000e+07 5.982000000000000000e+05 9.132859774262903957e+05
1.658000000000000000e+07 5.855000000000000000e+05 8.492094540826221928e+06
1.723000000000000000e+07 6.121000000000000000e+05 3.845213274326694955e+04
1.684000000000000000e+07 6.056000000000000000e+05 7.600881969970925711e+05
1.656000000000000000e+07 5.862000000000000000e+05 1.006047667477409728e+07
1.653000000000000000e+07 5.838000000000000000e+05 2.932453544543784112e+07
1.653000000000000000e+07 5.839000000000000000e+05 2.462871801108388975e+07
1.710000000000000000e+07 6.049000000000000000e+05 2.561915915478207171e+05
1.659000000000000000e+07 5.866000000000000000e+05 6.037618243781615980e+06
1.706000000000000000e+07 6.010000000000000000e+05 6.213039003419469809e+05
1.671000000000000000e+07 5.968000000000000000e+05 1.479945197834604420e+06
1.710000000000000000e+07 6.038000000000000000e+05 3.284233959608263685e+05
1.727000000000000000e+07 6.169000000000000000e+05 1.448685552833424845e+04
1.659000000000000000e+07 5.861000000000000000e+05 6.610924593481606804e+06
1.708000000000000000e+07 6.048000000000000000e+05 3.415126030991600710e+05
1.677000000000000000e+07 6.022000000000000000e+05 9.629408245902117342e+05
1.714000000000000000e+07 6.068000000000000000e+05 1.406886212509305333e+05
1.700000000000000000e+07 5.999000000000000000e+05 7.487597485683737323e+05
1.656000000000000000e+07 5.852000000000000000e+05 1.027954191814853251e+07
1.659000000000000000e+07 5.859000000000000000e+05 6.738119902936656028e+06
1.728000000000000000e+07 6.142000000000000000e+05 1.448221562806365910e+04
1.732000000000000000e+07 6.093000000000000000e+05 8.465335554525374391e+03
1.730000000000000000e+07 6.049000000000000000e+05 2.504263989112315467e+05
1.715000000000000000e+07 6.091000000000000000e+05 1.238505450082352327e+05
1.721000000000000000e+07 6.087000000000000000e+05 5.885468922887970984e+04
1.727000000000000000e+07 6.138000000000000000e+05 1.774005843323191220e+04
1.715000000000000000e+07 6.061000000000000000e+05 1.368393439539949759e+05
1.656000000000000000e+07 5.848000000000000000e+05 1.177126679170975089e+07
1.654000000000000000e+07 5.844000000000000000e+05 1.785818136336427554e+07
1.685000000000000000e+07 6.039000000000000000e+05 7.035297237430830719e+05
1.668000000000000000e+07 5.933000000000000000e+05 1.883717079380940180e+06
1.655000000000000000e+07 5.844000000000000000e+05 1.584377586812583357e+07
1.726000000000000000e+07 6.166000000000000000e+05 1.712659359742549350e+04
1.732000000000000000e+07 6.126000000000000000e+05 4.370691060544384527e+03
1.668000000000000000e+07 5.949000000000000000e+05 1.799472492037156830e+06
1.665000000000000000e+07 5.902000000000000000e+05 2.496087620601974428e+06
1.653000000000000000e+07 5.841000000000000000e+05 2.339365960927549750e+07
1.729000000000000000e+07 6.177000000000000000e+05 8.482778863070818261e+03
1.723000000000000000e+07 6.124000000000000000e+05 3.327676343885583628e+04
1.663000000000000000e+07 5.901000000000000000e+05 3.135947138684399892e+06
1.667000000000000000e+07 5.926000000000000000e+05 2.021916656174041331e+06
1.654000000000000000e+07 5.840000000000000000e+05 2.211691922499204427e+07
1.689000000000000000e+07 6.106000000000000000e+05 6.051800000000000000e+05
1.660000000000000000e+07 5.910000000000000000e+05 4.605712348568724468e+06
1.663000000000000000e+07 5.905000000000000000e+05 2.994009188878222369e+06
1.662000000000000000e+07 5.880000000000000000e+05 3.997736721179177985e+06
1.725000000000000000e+07 6.163000000000000000e+05 2.119425024034407397e+04
1.704000000000000000e+07 6.048000000000000000e+05 4.817530219113899511e+05
1.663000000000000000e+07 5.934000000000000000e+05 2.864752072284226306e+06
1.725000000000000000e+07 6.105000000000000000e+05 4.449585772185499081e+04
1.661000000000000000e+07 5.892000000000000000e+05 4.233816355166118592e+06
1.664000000000000000e+07 5.909000000000000000e+05 2.728067919933028053e+06
1.722000000000000000e+07 6.119000000000000000e+05 4.427742472186878877e+04
1.654000000000000000e+07 5.839000000000000000e+05 2.400292236691838875e+07
1.672000000000000000e+07 5.938000000000000000e+05 1.716172795171035919e+06
1.733000000000000000e+07 6.207000000000000000e+05 0.000000000000000000e+00
1.664000000000000000e+07 5.897000000000000000e+05 3.028355836898814887e+06
1.653000000000000000e+07 5.840000000000000000e+05 2.359266568094217777e+07
1.716000000000000000e+07 6.095000000000000000e+05 1.091791461406760645e+05
1.701000000000000000e+07 6.045000000000000000e+05 5.734098066720459610e+05
1.657000000000000000e+07 5.855000000000000000e+05 8.683196908804949373e+06
1.729000000000000000e+07 6.177000000000000000e+05 8.482778863070818261e+03
1.664000000000000000e+07 5.896000000000000000e+05 3.216476363204040565e+06
1.713000000000000000e+07 6.085000000000000000e+05 1.587230451566858101e+05
1.699000000000000000e+07 6.014000000000000000e+05 6.399000898149786517e+05
1.671000000000000000e+07 5.935000000000000000e+05 1.856408726901800837e+06
1.685000000000000000e+07 6.013000000000000000e+05 7.414625281969793141e+05
1.714000000000000000e+07 6.061000000000000000e+05 1.470526698883295758e+05
1.656000000000000000e+07 5.851000000000000000e+05 1.066527947619905323e+07
1.663000000000000000e+07 5.895000000000000000e+05 3.407659272321805358e+06
1.712000000000000000e+07 6.035000000000000000e+05 3.497343642640708713e+05
1.666000000000000000e+07 5.928000000000000000e+05 2.157730064548308030e+06
1.676000000000000000e+07 6.012000000000000000e+05 1.020332032002521562e+06
1.653000000000000000e+07 5.837000000000000000e+05 3.214281908080623299e+07
1.655000000000000000e+07 5.846000000000000000e+05 1.414410638240502216e+07
1.707000000000000000e+07 6.066000000000000000e+05 4.108392659131241380e+05
1.676000000000000000e+07 6.014000000000000000e+05 1.017697117039780249e+06
1.703000000000000000e+07 6.026000000000000000e+05 4.941599557587073650e+05
1.720000000000000000e+07 6.006000000000000000e+05 6.483394845718052238e+05
1.724000000000000000e+07 6.156000000000000000e+05 3.056832348987118166e+04
1.704000000000000000e+07 6.022000000000000000e+05 5.149621633035505656e+05
1.719000000000000000e+07 6.139000000000000000e+05 6.669130792432074668e+04
1.718000000000000000e+07 6.134000000000000000e+05 8.309168385815063084e+04
1.667000000000000000e+07 5.922000000000000000e+05 2.193656797039991245e+06
1.674000000000000000e+07 5.952000000000000000e+05 1.240763190068051452e+06
1.724000000000000000e+07 6.157000000000000000e+05 2.927515657876904879e+04
1.689000000000000000e+07 6.106000000000000000e+05 6.051800000000000000e+05
1.665000000000000000e+07 5.915000000000000000e+05 2.310300576306271832e+06
1.655000000000000000e+07 5.842000000000000000e+05 1.789249932422517240e+07
1.683000000000000000e+07 5.994000000000000000e+05 9.462018391605485231e+05
1.675000000000000000e+07 5.964000000000000000e+05 1.181314239946814952e+06
1.661000000000000000e+07 5.871000000000000000e+05 4.996691664356332272e+06
1.728000000000000000e+07 6.144000000000000000e+05 1.272808270921844087e+04
1.662000000000000000e+07 5.893000000000000000e+05 3.516407293236047961e+06
1.713000000000000000e+07 6.056000000000000000e+05 1.809113901695315435e+05
1.675000000000000000e+07 5.989000000000000000e+05 1.049430146366601344e+06
1.716000000000000000e+07 6.096000000000000000e+05 1.054740801308430091e+05
1.717000000000000000e+07 6.073000000000000000e+05 9.221542515038367128e+04
1.662000000000000000e+07 5.876000000000000000e+05 4.198310960653344169e+06
1.672000000000000000e+07 5.942000000000000000e+05 1.484819665372354910e+06
1.707000000000000000e+07 6.037000000000000000e+05 4.289418787439287989e+05
1.655000000000000000e+07 5.847000000000000000e+05 1.344084057779430971e+07
1.702000000000000000e+07 6.008000000000000000e+05 6.788988762519848533e+05
1.656000000000000000e+07 5.846000000000000000e+05 1.349124859492827952e+07
1.655000000000000000e+07 5.845000000000000000e+05 1.426223755813150294e+07
1.682000000000000000e+07 5.976000000000000000e+05 1.079749319230674068e+06
1.675000000000000000e+07 5.985000000000000000e+05 1.068696677408628631e+06
1.684000000000000000e+07 6.008000000000000000e+05 7.867261487498804927e+05
1.722000000000000000e+07 6.151000000000000000e+05 3.983405087586891750e+04
1.719000000000000000e+07 6.079000000000000000e+05 7.882557296921536908e+04
1.659000000000000000e+07 5.883000000000000000e+05 5.563369821802599356e+06
1.665000000000000000e+07 5.903000000000000000e+05 2.477669607536772732e+06
1.721000000000000000e+07 6.116000000000000000e+05 4.866496919027349213e+04
1.727000000000000000e+07 6.171000000000000000e+05 1.350806443558025785e+04
1.666000000000000000e+07 5.935000000000000000e+05 2.102158357744359411e+06
1.700000000000000000e+07 5.993000000000000000e+05 7.894197287071329774e+05
1.686000000000000000e+07 6.028000000000000000e+05 6.781226629879020620e+05
1.720000000000000000e+07 6.112000000000000000e+05 5.953165745820604207e+04
1.673000000000000000e+07 5.960000000000000000e+05 1.326484678499737522e+06
1.731000000000000000e+07 6.065000000000000000e+05 7.749278184740815777e+04
1.657000000000000000e+07 5.852000000000000000e+05 8.991971962376872078e+06
1.709000000000000000e+07 6.076000000000000000e+05 3.000794909030652489e+05
1.731000000000000000e+07 6.093000000000000000e+05 2.118219423051504782e+04
1.666000000000000000e+07 5.945000000000000000e+05 1.992486958215321414e+06
1.655000000000000000e+07 5.849000000000000000e+05 1.244310673345523886e+07
1.711000000000000000e+07 6.080000000000000000e+05 2.116177250496749184e+05
1.662000000000000000e+07 5.884000000000000000e+05 3.701796638842144050e+06
1.656000000000000000e+07 5.850000000000000000e+05 1.088622075915825367e+07
1.659000000000000000e+07 5.864000000000000000e+05 6.163309426088847220e+06
1.678000000000000000e+07 6.008000000000000000e+05 9.187215149261050392e+05
1.662000000000000000e+07 5.890000000000000000e+05 3.649002147685043514e+06
1.654000000000000000e+07 5.841000000000000000e+05 1.976532250700274855e+07
1.717000000000000000e+07 6.072000000000000000e+05 1.040007419726799271e+05
1.686000000000000000e+07 6.044000000000000000e+05 6.769692053675537463e+05
1.669000000000000000e+07 5.953000000000000000e+05 1.717256581072496716e+06
1.654000000000000000e+07 5.843000000000000000e+05 1.849237622427093983e+07
1.670000000000000000e+07 5.924000000000000000e+05 1.956805356103797676e+06
1.699000000000000000e+07 5.995000000000000000e+05 7.956723181608462473e+05
1.683000000000000000e+07 6.005000000000000000e+05 8.482086312220325926e+05
1.677000000000000000e+07 6.023000000000000000e+05 9.595633437284391839e+05
1.705000000000000000e+07 6.031000000000000000e+05 4.403872242458740948e+05
1.701000000000000000e+07 6.002000000000000000e+05 7.164224948229300790e+05
1.712000000000000000e+07 6.054000000000000000e+05 1.894478784991025168e+05
1.726000000000000000e+07 6.136000000000000000e+05 2.377443284566520015e+04
1.722000000000000000e+07 6.150000000000000000e+05 4.171479613778957719e+04
1.709000000000000000e+07 6.072000000000000000e+05 3.167487281006979174e+05
1.712000000000000000e+07 6.082000000000000000e+05 1.858612727950154222e+05
1.662000000000000000e+07 5.874000000000000000e+05 4.377450666705635376e+06
1.655000000000000000e+07 5.843000000000000000e+05 1.652024109928804636e+07
1.665000000000000000e+07 5.920000000000000000e+05 2.270506934196647257e+06
1.678000000000000000e+07 6.007000000000000000e+05 9.948767162001873367e+05
1.658000000000000000e+07 5.865000000000000000e+05 7.064954694455174729e+06
1.725000000000000000e+07 6.160000000000000000e+05 2.488623086350530866e+04
1.697000000000000000e+07 6.000000000000000000e+05 7.298141478851822903e+05
1.718000000000000000e+07 6.084000000000000000e+05 8.514256370284853620e+04
1.672000000000000000e+07 5.961000000000000000e+05 1.332707073430079967e+06
1.656000000000000000e+07 5.847000000000000000e+05 1.257104992446253076e+07
1.695000000000000000e+07 5.990000000000000000e+05 1.011172601998478291e+06
1.669000000000000000e+07 5.958000000000000000e+05 1.690238017739019357e+06
1.654000000000000000e+07 5.842000000000000000e+05 1.909012242152343690e+07
1.668000000000000000e+07 5.951000000000000000e+05 1.758630587665885920e+06
1.667000000000000000e+07 5.925000000000000000e+05 2.065015299262201414e+06
1.697000000000000000e+07 5.974000000000000000e+05 1.046574257743941853e+06
1.708000000000000000e+07 6.047000000000000000e+05 3.526137240102890646e+05
1.661000000000000000e+07 5.864000000000000000e+05 5.810331463327996433e+06
1.704000000000000000e+07 6.020000000000000000e+05 5.483252247495336924e+05
1.674000000000000000e+07 5.971000000000000000e+05 1.084624192699290346e+06
1.657000000000000000e+07 5.859000000000000000e+05 7.888567501950251870e+06
1.711000000000000000e+07 6.077000000000000000e+05 2.347168510859546659e+05
1.676000000000000000e+07 6.050000000000000000e+05 9.820789243763255654e+05