1.733000000000000000e+07 6.207000000000000000e+05 0.000000000000000000e+00
1.663000000000000000e+07 5.927000000000000000e+05 2.992784098267695867e+06
1.721000000000000000e+07 6.108000000000000000e+05 7.398701335192439728e+04
1.676000000000000000e+07 6.013000000000000000e+05 1.046816542283079238e+06
1.657000000000000000e+07 5.858000000000000000e+05 1.158007687062299065e+07
1.675000000000000000e+07 5.983000000000000000e+05 1.214052718444626546e+06
1.662000000000000000e+07 5.905000000000000000e+05 3.750795693200881593e+06
1.664000000000000000e+07 5.932000000000000000e+05 2.792189670622373465e+06
1.670000000000000000e+07 5.928000000000000000e+05 2.166042849785161670e+06
1.665000000000000000e+07 5.985000000000000000e+05 2.403153472760644741e+06
1.679000000000000000e+07 6.076000000000000000e+05 9.135715715121987741e+05
1.678000000000000000e+07 6.008000000000000000e+05 9.663038036699310178e+05
1.654000000000000000e+07 5.855000000000000000e+05 2.347723755740908533e+07
1.675000000000000000e+07 5.977000000000000000e+05 1.279928141389595112e+06
1.660000000000000000e+07 5.874000000000000000e+05 6.076224884793289006e+06
1.721000000000000000e+07 6.033000000000000000e+05 4.922174442725515692e+05
1.660000000000000000e+07 5.867000000000000000e+05 6.756478374216390774e+06
1.683000000000000000e+07 6.021000000000000000e+05 9.317222891950602643e+05
1.659000000000000000e+07 5.867000000000000000e+05 7.137941323329178616e+06
1.685000000000000000e+07 6.019000000000000000e+05 8.372351354943519691e+05
1.671000000000000000e+07 5.922000000000000000e+05 2.672828068673859816e+06
1.700000000000000000e+07 6.056000000000000000e+05 6.075987933360079769e+05
1.655000000000000000e+07 5.847000000000000000e+05 1.854890311988168210e+07
1.673000000000000000e+07 5.963000000000000000e+05 1.364160432365451474e+06
1.718000000000000000e+07 6.101000000000000000e+05 8.787345661532341910e+04
1.664000000000000000e+07 5.907000000000000000e+05 3.261135789191042073e+06
1.656000000000000000e+07 5.851000000000000000e+05 1.489478304764812998e+07
1.722000000000000000e+07 6.146000000000000000e+05 5.328297584587663732e+04
1.667000000000000000e+07 5.990000000000000000e+05 1.996476237775549293e+06
1.712000000000000000e+07 6.110000000000000000e+05 2.315681735462540237e+05
1.698000000000000000e+07 5.995000000000000000e+05 8.857138540790274274e+05
1.684000000000000000e+07 6.024000000000000000e+05 9.293244826234704815e+05
1.662000000000000000e+07 5.898000000000000000e+05 4.043598282022390515e+06
1.678000000000000000e+07 5.979000000000000000e+05 1.107787605734999292e+06
1.674000000000000000e+07 6.001000000000000000e+05 1.198689684261198156e+06
1.704000000000000000e+07 6.086000000000000000e+05 4.793170296914509963e+05
1.716000000000000000e+07 6.095000000000000000e+05 1.082797652321912319e+05
1.700000000000000000e+07 6.015000000000000000e+05 6.683713342859310796e+05
1.659000000000000000e+07 5.872000000000000000e+05 6.840554254911965691e+06
1.712000000000000000e+07 6.109000000000000000e+05 2.358223281372653728e+05
1.655000000000000000e+07 5.844000000000000000e+05 2.300324954989050329e+07
1.707000000000000000e+07 6.035000000000000000e+05 6.160151574316264596e+05
1.666000000000000000e+07 5.971000000000000000e+05 2.264158359808742069e+06
1.660000000000000000e+07 5.873000000000000000e+05 6.132444445987008512e+06
1.658000000000000000e+07 5.857000000000000000e+05 9.986391599087255076e+06
1.667000000000000000e+07 5.974000000000000000e+05 2.034942056079006754e+06
1.663000000000000000e+07 5.885000000000000000e+05 4.129372615881348960e+06
1.700000000000000000e+07 6.052000000000000000e+05 6.322494994915688876e+05
1.711000000000000000e+07 6.109000000000000000e+05 2.368414935175040446e+05
1.673000000000000000e+07 5.991000000000000000e+05 1.290234350752638653e+06
1.707000000000000000e+07 6.067000000000000000e+05 4.155330700237331330e+05
1.697000000000000000e+07 5.982000000000000000e+05 1.006616138174445136e+06
1.669000000000000000e+07 5.946000000000000000e+05 1.934233219597505406e+06
1.685000000000000000e+07 6.023000000000000000e+05 8.185843104903262574e+05
1.679000000000000000e+07 6.041000000000000000e+05 9.475084923592389096e+05
1.655000000000000000e+07 5.849000000000000000e+05 1.541637850291848928e+07
1.663000000000000000e+07 5.904000000000000000e+05 3.603306222800548188e+06
1.660000000000000000e+07 5.871000000000000000e+05 6.496923125823232345e+06
1.683000000000000000e+07 5.988000000000000000e+05 1.103799148162730969e+06
1.672000000000000000e+07 5.957000000000000000e+05 1.609828381924932357e+06
1.720000000000000000e+07 6.112000000000000000e+05 5.857604778408484708e+04
1.654000000000000000e+07 5.844000000000000000e+05 2.492812953964658454e+07
1.670000000000000000e+07 5.961000000000000000e+05 1.877888561861580703e+06
1.658000000000000000e+07 5.860000000000000000e+05 8.044989843728007749e+06
1.658000000000000000e+07 5.896000000000000000e+05 7.931642099845943041e+06
1.663000000000000000e+07 5.919000000000000000e+05 3.031094340050844010e+06
1.666000000000000000e+07 5.974000000000000000e+05 2.111855910645690747e+06
1.665000000000000000e+07 5.911000000000000000e+05 2.788939940314564388e+06
1.709000000000000000e+07 6.073000000000000000e+05 3.280687989244565251e+05
1.653000000000000000e+07 5.841000000000000000e+05 3.834081493044225127e+07
1.662000000000000000e+07 5.890000000000000000e+05 4.866903141977568157e+06
1.717000000000000000e+07 6.099000000000000000e+05 9.395966035231472051e+04
1.685000000000000000e+07 6.038000000000000000e+05 7.764361861235238612e+05
1.708000000000000000e+07 6.043000000000000000e+05 4.395592748746582656e+05
1.658000000000000000e+07 5.897000000000000000e+05 7.594212352490747347e+06
1.704000000000000000e+07 6.059000000000000000e+05 5.493264689420370851e+05
1.701000000000000000e+07 6.059000000000000000e+05 5.659296070227706805e+05
1.666000000000000000e+07 5.939000000000000000e+05 2.435393914920222014e+06
1.672000000000000000e+07 5.967000000000000000e+05 1.502056805006398819e+06
1.706000000000000000e+07 6.029000000000000000e+05 6.559615422620933969e+05
1.703000000000000000e+07 6.057000000000000000e+05 5.501517333882522071e+05
1.723000000000000000e+07 6.151000000000000000e+05 4.240646962610624905e+04
1.664000000000000000e+07 5.915000000000000000e+05 2.860124880241995212e+06
1.661000000000000000e+07 5.869000000000000000e+05 5.940136194025930017e+06
1.664000000000000000e+07 5.953000000000000000e+05 2.722250815808342770e+06
1.707000000000000000e+07 6.080000000000000000e+05 3.803071947142455028e+05
1.718000000000000000e+07 6.066000000000000000e+05 2.677476428888832452e+05
1.659000000000000000e+07 5.870000000000000000e+05 7.039730320001984015e+06
1.717000000000000000e+07 6.096000000000000000e+05 1.057235514740512299e+05
1.676000000000000000e+07 5.972000000000000000e+05 1.324996516379136126e+06
1.662000000000000000e+07 5.892000000000000000e+05 4.394005614621345885e+06
1.662000000000000000e+07 5.902000000000000000e+05 3.768989599146003835e+06
1.725000000000000000e+07 6.162000000000000000e+05 2.199088617353744485e+04
1.732000000000000000e+07 6.188000000000000000e+05 1.443328288079020786e+04
1.731000000000000000e+07 6.093000000000000000e+05 2.300109161613147444e+04
1.722000000000000000e+07 6.148000000000000000e+05 4.725740126215820783e+04
1.701000000000000000e+07 6.062000000000000000e+05 5.529316896266031545e+05
1.667000000000000000e+07 5.982000000000000000e+05 2.019461326512303669e+06
1.733000000000000000e+07 6.174000000000000000e+05 4.200000000000000000e+03
1.677000000000000000e+07 5.978000000000000000e+05 1.208358891751858173e+06
1.716000000000000000e+07 6.092000000000000000e+05 1.285382870147764625e+05
1.717000000000000000e+07 6.098000000000000000e+05 9.878303426605511049e+04
1.714000000000000000e+07 6.117000000000000000e+05 1.623072886211720179e+05
1.686000000000000000e+07 6.049000000000000000e+05 6.744910243593264604e+05
1.685000000000000000e+07 6.004000000000000000e+05 1.038098474100763560e+06
1.661000000000000000e+07 5.872000000000000000e+05 5.796817565341476351e+06
1.684000000000000000e+07 6.025000000000000000e+05 9.099329301420918200e+05
1.733000000000000000e+07 6.207000000000000000e+05 0.000000000000000000e+00
1.655000000000000000e+07 5.854000000000000000e+05 1.497457514868509583e+07
1.714000000000000000e+07 6.118000000000000000e+05 1.595574990696745226e+05
1.732000000000000000e+07 6.186000000000000000e+05 2.006536951324756228e+04
1.721000000000000000e+07 6.032000000000000000e+05 5.087081768316344242e+05
1.686000000000000000e+07 6.047000000000000000e+05 6.886087659546178766e+05
1.706000000000000000e+07 6.065000000000000000e+05 5.093908372389915748e+05
1.697000000000000000e+07 5.981000000000000000e+05 1.047417291583656101e+06
1.653000000000000000e+07 5.842000000000000000e+05 3.114822075661136582e+07
1.719000000000000000e+07 6.077000000000000000e+05 2.309505153979230090e+05
1.666000000000000000e+07 5.901000000000000000e+05 3.507722212386673316e+06
1.710000000000000000e+07 6.074000000000000000e+05 3.055128370852133958e+05
1.665000000000000000e+07 5.912000000000000000e+05 2.691551208956197370e+06
1.720000000000000000e+07 6.109000000000000000e+05 6.955837143787657260e+04
1.708000000000000000e+07 6.040000000000000000e+05 4.621666723717523273e+05
1.686000000000000000e+07 6.044000000000000000e+05 7.044228758294610307e+05
1.655000000000000000e+07 5.845000000000000000e+05 2.151670841488793120e+07
1.656000000000000000e+07 5.853000000000000000e+05 1.416244386658116244e+07
1.725000000000000000e+07 6.130000000000000000e+05 3.877995182224798918e+04
1.656000000000000000e+07 5.852000000000000000e+05 1.437560800515204109e+07
1.730000000000000000e+07 6.071000000000000000e+05 1.855273214871941600e+05
1.663000000000000000e+07 5.895000000000000000e+05 3.940519456049110740e+06
1.730000000000000000e+07 6.077000000000000000e+05 1.648151031053661718e+05
1.662000000000000000e+07 5.899000000000000000e+05 3.899229824507366400e+06
1.656000000000000000e+07 5.854000000000000000e+05 1.395901525694721751e+07
1.666000000000000000e+07 5.924000000000000000e+05 2.655775289495310280e+06
1.701000000000000000e+07 6.046000000000000000e+05 5.729387943857325008e+05
1.711000000000000000e+07 6.077000000000000000e+05 2.403473665725916508e+05
1.659000000000000000e+07 5.875000000000000000e+05 6.273419373813830316e+06
1.672000000000000000e+07 5.959000000000000000e+05 1.533754761610228103e+06
1.732000000000000000e+07 6.189000000000000000e+05 1.407711812674833163e+04
1.689000000000000000e+07 6.106000000000000000e+05 6.051800000000000000e+05
1.670000000000000000e+07 5.970000000000000000e+05 1.737067072757470421e+06
1.656000000000000000e+07 5.857000000000000000e+05 1.268153104452763125e+07
1.719000000000000000e+07 6.105000000000000000e+05 7.774787102417313145e+04
1.672000000000000000e+07 5.936000000000000000e+05 1.751392488754674559e+06
1.684000000000000000e+07 6.009000000000000000e+05 9.337744550558605697e+05
1.672000000000000000e+07 5.986000000000000000e+05 1.421133929581108037e+06
1.688000000000000000e+07 6.039000000000000000e+05 6.484471964529214893e+05
1.687000000000000000e+07 6.055000000000000000e+05 6.348060759726392571e+05
1.669000000000000000e+07 5.944000000000000000e+05 2.169649933266639244e+06
1.731000000000000000e+07 6.063000000000000000e+05 2.158169658107473224e+05
1.718000000000000000e+07 6.134000000000000000e+05 8.287529731513044680e+04
1.676000000000000000e+07 6.012000000000000000e+05 1.148116742902329657e+06
1.657000000000000000e+07 5.854000000000000000e+05 1.191549694789877348e+07
1.674000000000000000e+07 5.957000000000000000e+05 1.448549581998697482e+06
1.688000000000000000e+07 6.073000000000000000e+05 6.283535481381944846e+05
1.663000000000000000e+07 5.910000000000000000e+05 3.133804700686854310e+06
1.661000000000000000e+07 5.930000000000000000e+05 4.291566964087080210e+06
1.703000000000000000e+07 6.068000000000000000e+05 4.897809046830924926e+05
1.657000000000000000e+07 5.862000000000000000e+05 9.185643359454708174e+06
1.708000000000000000e+07 6.070000000000000000e+05 3.611589200971677201e+05
1.669000000000000000e+07 5.948000000000000000e+05 1.891201670876349788e+06
1.661000000000000000e+07 5.885000000000000000e+05 5.072538569638963789e+06
1.672000000000000000e+07 5.980000000000000000e+05 1.498544430161734112e+06
1.671000000000000000e+07 5.963000000000000000e+05 1.653819910355731379e+06
1.702000000000000000e+07 6.047000000000000000e+05 5.547244620578782633e+05
1.678000000000000000e+07 5.974000000000000000e+05 1.267473472006608034e+06
1.674000000000000000e+07 5.993000000000000000e+05 1.286480554833814269e+06
1.663000000000000000e+07 5.908000000000000000e+05 3.337873663326039445e+06
1.696000000000000000e+07 5.990000000000000000e+05 9.648514883386141155e+05
1.668000000000000000e+07 5.955000000000000000e+05 2.292979409155876841e+06
1.657000000000000000e+07 5.859000000000000000e+05 1.143074085651653074e+07
1.730000000000000000e+07 6.067000000000000000e+05 2.117436944356603199e+05
1.671000000000000000e+07 5.976000000000000000e+05 1.614080244139792863e+06
1.725000000000000000e+07 6.131000000000000000e+05 3.770822720536147244e+04
1.725000000000000000e+07 6.130000000000000000e+05 3.877995182224798918e+04
1.718000000000000000e+07 6.134000000000000000e+05 8.287529731513044680e+04
1.655000000000000000e+07 5.846000000000000000e+05 2.004989394891758263e+07
1.675000000000000000e+07 6.005000000000000000e+05 1.160008636301865336e+06
1.677000000000000000e+07 6.051000000000000000e+05 9.836531166942943819e+05
1.687000000000000000e+07 5.997000000000000000e+05 8.495792206561700441e+05
1.685000000000000000e+07 6.016000000000000000e+05 8.938965719905440928e+05
1.721000000000000000e+07 6.145000000000000000e+05 5.363000082902701979e+04
1.720000000000000000e+07 6.084000000000000000e+05 1.713861177010259998e+05
1.710000000000000000e+07 6.073000000000000000e+05 3.233731584351841011e+05
1.723000000000000000e+07 6.152000000000000000e+05 3.835574871630262351e+04
1.665000000000000000e+07 5.945000000000000000e+05 2.465622965573173016e+06
1.715000000000000000e+07 6.060000000000000000e+05 2.976413372846619459e+05
1.671000000000000000e+07 5.948000000000000000e+05 1.697845609495282406e+06
1.666000000000000000e+07 5.925000000000000000e+05 2.482699201944020577e+06
1.676000000000000000e+07 6.018000000000000000e+05 9.886287092174885329e+05
1.653000000000000000e+07 5.839000000000000000e+05 4.282409489816292375e+07
1.668000000000000000e+07 5.996000000000000000e+05 1.812028793328789528e+06
1.665000000000000000e+07 5.929000000000000000e+05 2.591639272511459421e+06
1.657000000000000000e+07 5.861000000000000000e+05 1.048993304141460545e+07
1.715000000000000000e+07 6.048000000000000000e+05 3.086078778575351462e+05
1.722000000000000000e+07 6.149000000000000000e+05 4.579640444353780913e+04
1.660000000000000000e+07 5.878000000000000000e+05 5.241853237790061161e+06
1.689000000000000000e+07 6.106000000000000000e+05 6.051800000000000000e+05
1.662000000000000000e+07 5.910000000000000000e+05 3.449987439385071397e+06
1.713000000000000000e+07 6.085000000000000000e+05 1.671912469771036995e+05
1.659000000000000000e+07 5.874000000000000000e+05 6.336967494626778178e+06