1.355000000000000000e+07 5.870000000000000000e+05 1.254186504101547599e+07
1.463000000000000000e+07 5.993000000000000000e+05 5.624734264098364860e+06
1.310000000000000000e+07 5.916000000000000000e+05 1.593918679730315506e+07
1.716000000000000000e+07 6.094000000000000000e+05 2.622480727927720873e+05
1.668000000000000000e+07 6.105000000000000000e+05 6.519450467452153098e+05
1.307000000000000000e+07 5.849000000000000000e+05 2.111767417419209331e+07
1.714000000000000000e+07 6.113000000000000000e+05 2.522595515641304373e+05
1.694000000000000000e+07 6.083000000000000000e+05 6.306310063390923897e+05
1.314000000000000000e+07 5.882000000000000000e+05 1.612259040319231339e+07
1.602000000000000000e+07 6.035000000000000000e+05 2.089694852323384956e+06
1.657000000000000000e+07 6.090000000000000000e+05 8.565242958715707064e+05
1.615000000000000000e+07 5.949000000000000000e+05 2.496867586774133146e+06
1.728000000000000000e+07 6.162000000000000000e+05 3.609966715082628798e+04
1.363000000000000000e+07 5.907000000000000000e+05 1.068726352616678737e+07
1.313000000000000000e+07 5.864000000000000000e+05 1.805719481702202186e+07
1.399000000000000000e+07 5.898000000000000000e+05 8.864090325417939574e+06
1.724000000000000000e+07 6.155000000000000000e+05 3.683740414629828592e+04
1.391000000000000000e+07 5.965000000000000000e+05 8.508927493171060458e+06
1.691000000000000000e+07 6.038000000000000000e+05 1.031971682226927718e+06
1.497000000000000000e+07 5.950000000000000000e+05 4.782646792427273467e+06
1.424000000000000000e+07 5.961000000000000000e+05 7.246300493841525167e+06
1.283000000000000000e+07 5.868000000000000000e+05 3.234712160210176557e+07
1.622000000000000000e+07 6.062000000000000000e+05 1.663558163685835898e+06
1.648000000000000000e+07 6.011000000000000000e+05 1.365962966096371878e+06
1.315000000000000000e+07 5.862000000000000000e+05 1.680784811311990023e+07
1.287000000000000000e+07 5.846000000000000000e+05 2.592299090565022826e+07
1.720000000000000000e+07 6.136000000000000000e+05 8.047859339190347237e+04
1.567000000000000000e+07 5.963000000000000000e+05 3.398768273168371525e+06
1.403000000000000000e+07 5.925000000000000000e+05 8.073233277861462906e+06
1.530000000000000000e+07 6.045000000000000000e+05 3.658313639090287499e+06
1.583000000000000000e+07 6.026000000000000000e+05 2.600984927176743746e+06
1.458000000000000000e+07 5.911000000000000000e+05 7.057073651135113090e+06
1.480000000000000000e+07 6.023000000000000000e+05 4.986063690739563666e+06
1.278000000000000000e+07 5.840000000000000000e+05 4.897097672719947994e+07
1.366000000000000000e+07 5.903000000000000000e+05 1.056905964805981144e+07
1.308000000000000000e+07 5.867000000000000000e+05 1.709731385082175583e+07
1.451000000000000000e+07 5.977000000000000000e+05 6.102136312131193466e+06
1.663000000000000000e+07 6.052000000000000000e+05 1.065101611762637040e+06
1.589000000000000000e+07 5.942000000000000000e+05 3.377820131027088035e+06
1.294000000000000000e+07 5.863000000000000000e+05 2.223877696063058823e+07
1.282000000000000000e+07 5.840000000000000000e+05 3.857906842282850295e+07
1.377000000000000000e+07 5.904000000000000000e+05 1.024129304145099781e+07
1.317000000000000000e+07 5.850000000000000000e+05 1.897373977283334360e+07
1.277000000000000000e+07 5.841000000000000000e+05 4.740214382564585656e+07
1.628000000000000000e+07 6.079000000000000000e+05 1.461048275254141074e+06
1.285000000000000000e+07 5.858000000000000000e+05 2.756143698923280835e+07
1.312000000000000000e+07 5.850000000000000000e+05 2.051095043165449426e+07
1.323000000000000000e+07 5.864000000000000000e+05 1.494454580635134690e+07
1.302000000000000000e+07 5.868000000000000000e+05 2.026723652359200269e+07
1.349000000000000000e+07 5.875000000000000000e+05 1.385934902493105456e+07
1.290000000000000000e+07 5.847000000000000000e+05 2.341070718725126982e+07
1.285000000000000000e+07 5.839000000000000000e+05 2.963669283163242042e+07
1.544000000000000000e+07 6.056000000000000000e+05 3.312962064828405622e+06
1.641000000000000000e+07 6.028000000000000000e+05 1.509941398345911410e+06
1.308000000000000000e+07 5.853000000000000000e+05 1.956212548244082183e+07
1.698000000000000000e+07 6.086000000000000000e+05 4.894587547886389657e+05
1.534000000000000000e+07 6.064000000000000000e+05 3.449218863777988590e+06
1.277000000000000000e+07 5.836000000000000000e+05 5.310537706184302270e+07
1.469000000000000000e+07 5.920000000000000000e+05 6.308169804579828866e+06
1.562000000000000000e+07 6.074000000000000000e+05 2.824960666931997985e+06
1.635000000000000000e+07 5.970000000000000000e+05 2.148192226351234131e+06
1.607000000000000000e+07 5.991000000000000000e+05 2.287612764096457511e+06
1.286000000000000000e+07 5.841000000000000000e+05 2.853412819115153700e+07
1.485000000000000000e+07 6.001000000000000000e+05 4.985880781907426193e+06
1.284000000000000000e+07 5.840000000000000000e+05 3.468585681081585586e+07
1.342000000000000000e+07 5.851000000000000000e+05 1.762371856597830355e+07
1.731000000000000000e+07 6.118000000000000000e+05 7.623629233271017438e+04
1.284000000000000000e+07 5.844000000000000000e+05 3.178186424457702786e+07
1.620000000000000000e+07 6.088000000000000000e+05 1.604971485640138155e+06
1.444000000000000000e+07 5.995000000000000000e+05 6.369001438609408215e+06
1.313000000000000000e+07 5.861000000000000000e+05 1.858333989538079128e+07
1.557000000000000000e+07 5.946000000000000000e+05 4.001514841051672120e+06
1.473000000000000000e+07 5.930000000000000000e+05 5.885242319756983779e+06
1.483000000000000000e+07 5.989000000000000000e+05 5.228322616000767797e+06
1.278000000000000000e+07 5.839000000000000000e+05 5.157164153557683527e+07
1.346000000000000000e+07 5.876000000000000000e+05 1.276375080504675582e+07
1.721000000000000000e+07 6.134000000000000000e+05 1.001131768900684692e+05
1.284000000000000000e+07 5.842000000000000000e+05 3.264545655476209894e+07
1.599000000000000000e+07 5.974000000000000000e+05 2.938147395536798984e+06
1.278000000000000000e+07 5.841000000000000000e+05 4.628324739597165585e+07
1.720000000000000000e+07 6.141000000000000000e+05 6.234362035377243592e+04
1.305000000000000000e+07 5.856000000000000000e+05 1.928460733024336025e+07
1.348000000000000000e+07 5.877000000000000000e+05 1.218822580583093129e+07
1.514000000000000000e+07 6.042000000000000000e+05 3.877049953120857477e+06
1.500000000000000000e+07 6.005000000000000000e+05 4.354402775174550712e+06
1.333000000000000000e+07 5.949000000000000000e+05 1.311427971709819324e+07
1.418000000000000000e+07 5.893000000000000000e+05 8.998245503898471594e+06
1.279000000000000000e+07 5.838000000000000000e+05 4.498054856277184188e+07
1.503000000000000000e+07 5.930000000000000000e+05 5.120407285716648214e+06
1.521000000000000000e+07 6.031000000000000000e+05 3.708065420736825559e+06
1.370000000000000000e+07 5.854000000000000000e+05 1.488224758259502053e+07
1.279000000000000000e+07 5.841000000000000000e+05 4.366160568107486516e+07
1.283000000000000000e+07 5.847000000000000000e+05 3.348873663847451285e+07
1.578000000000000000e+07 6.059000000000000000e+05 2.622152459709047806e+06
1.467000000000000000e+07 5.876000000000000000e+05 9.205202449881443754e+06
1.594000000000000000e+07 6.047000000000000000e+05 2.521442609845032915e+06
1.434000000000000000e+07 5.938000000000000000e+05 7.329288719215271063e+06
1.659000000000000000e+07 6.079000000000000000e+05 8.536887654089641292e+05
1.545000000000000000e+07 6.010000000000000000e+05 3.599575049973029178e+06
1.430000000000000000e+07 5.954000000000000000e+05 6.902840149002986029e+06
1.552000000000000000e+07 5.968000000000000000e+05 4.204833636754650623e+06
1.718000000000000000e+07 6.099000000000000000e+05 1.394509241512697481e+05
1.302000000000000000e+07 5.844000000000000000e+05 2.673676885463109612e+07
1.727000000000000000e+07 6.167000000000000000e+05 1.927234594817761172e+04
1.728000000000000000e+07 6.173000000000000000e+05 1.276659225210589102e+04
1.574000000000000000e+07 5.960000000000000000e+05 3.173407052877393086e+06
1.281000000000000000e+07 5.837000000000000000e+05 3.924174631505904347e+07
1.343000000000000000e+07 5.957000000000000000e+05 1.110892882430844568e+07
1.325000000000000000e+07 5.883000000000000000e+05 1.455625391609022953e+07
1.439000000000000000e+07 5.980000000000000000e+05 6.648543218104884028e+06
1.338000000000000000e+07 5.927000000000000000e+05 1.317970240878130123e+07
1.482000000000000000e+07 6.029000000000000000e+05 4.926045222900763154e+06
1.320000000000000000e+07 5.872000000000000000e+05 1.546796560480411351e+07
1.284000000000000000e+07 5.854000000000000000e+05 2.899935972578398883e+07
1.427000000000000000e+07 5.918000000000000000e+05 7.496324233958832920e+06
1.340000000000000000e+07 5.874000000000000000e+05 1.464302524596630409e+07
1.687000000000000000e+07 6.017000000000000000e+05 1.228212854736084584e+06
1.443000000000000000e+07 5.934000000000000000e+05 6.639578422578018159e+06
1.386000000000000000e+07 5.897000000000000000e+05 1.007609552307743952e+07
1.646000000000000000e+07 6.019000000000000000e+05 1.572253473407882266e+06
1.686000000000000000e+07 5.999000000000000000e+05 1.784721727583886590e+06
1.330000000000000000e+07 5.931000000000000000e+05 1.349822260930569097e+07
1.522000000000000000e+07 5.944000000000000000e+05 4.497968475492483936e+06
1.310000000000000000e+07 5.847000000000000000e+05 2.158450811572989076e+07
1.277000000000000000e+07 5.835000000000000000e+05 5.360541275554755330e+07
1.723000000000000000e+07 6.149000000000000000e+05 4.988295928195210581e+04
1.396000000000000000e+07 5.891000000000000000e+05 9.763982339943632483e+06
1.282000000000000000e+07 5.855000000000000000e+05 3.501397982386704534e+07
1.733000000000000000e+07 6.207000000000000000e+05 0.000000000000000000e+00
1.399000000000000000e+07 5.894000000000000000e+05 9.542963458958311006e+06
1.718000000000000000e+07 6.126000000000000000e+05 1.297778455054142541e+05
1.492000000000000000e+07 6.025000000000000000e+05 4.656561324908200651e+06
1.300000000000000000e+07 5.842000000000000000e+05 2.823979080860467628e+07
1.727000000000000000e+07 6.164000000000000000e+05 2.673448432448695166e+04
1.655000000000000000e+07 6.078000000000000000e+05 9.225950487642117077e+05
1.537000000000000000e+07 5.981000000000000000e+05 4.135560884327450767e+06
1.723000000000000000e+07 6.146000000000000000e+05 5.509697219091275474e+04
1.702000000000000000e+07 6.068000000000000000e+05 4.503325509387443308e+05
1.294000000000000000e+07 5.853000000000000000e+05 2.251237557052100822e+07
1.607000000000000000e+07 5.965000000000000000e+05 2.466287888907641638e+06
1.475000000000000000e+07 5.983000000000000000e+05 5.851407045502974652e+06
1.382000000000000000e+07 5.951000000000000000e+05 9.920807598499832675e+06
1.670000000000000000e+07 6.106000000000000000e+05 6.100872689220707398e+05
1.277000000000000000e+07 5.842000000000000000e+05 4.713930367987040430e+07
1.374000000000000000e+07 5.923000000000000000e+05 1.019781791218999214e+07
1.587000000000000000e+07 6.007000000000000000e+05 2.735867721113965847e+06
1.280000000000000000e+07 5.846000000000000000e+05 3.757932085702344030e+07
1.516000000000000000e+07 6.003000000000000000e+05 3.947019345783420838e+06
1.372000000000000000e+07 5.886000000000000000e+05 1.031524702627191693e+07
1.564000000000000000e+07 5.932000000000000000e+05 4.508716820157310925e+06
1.506000000000000000e+07 5.987000000000000000e+05 4.692723183850383386e+06
1.281000000000000000e+07 5.843000000000000000e+05 3.622013960743344575e+07
1.387000000000000000e+07 5.905000000000000000e+05 9.040987355519255623e+06
1.400000000000000000e+07 5.912000000000000000e+05 8.674108289262223989e+06
1.540000000000000000e+07 6.071000000000000000e+05 3.285512432582095731e+06
1.728000000000000000e+07 6.171000000000000000e+05 1.425363894029589574e+04
1.459000000000000000e+07 5.992000000000000000e+05 6.032107015790819190e+06
1.294000000000000000e+07 5.867000000000000000e+05 2.049995499922489375e+07
1.288000000000000000e+07 5.847000000000000000e+05 2.405245719002670795e+07
1.706000000000000000e+07 6.107000000000000000e+05 3.967385020994550432e+05
1.720000000000000000e+07 6.141000000000000000e+05 6.234362035377243592e+04
1.411000000000000000e+07 5.909000000000000000e+05 7.909233645830335096e+06
1.278000000000000000e+07 5.838000000000000000e+05 5.285247155112010986e+07
1.280000000000000000e+07 5.838000000000000000e+05 4.007545543265542388e+07
1.279000000000000000e+07 5.841000000000000000e+05 4.366160568107486516e+07
1.543000000000000000e+07 6.077000000000000000e+05 3.229403224052465521e+06
1.341000000000000000e+07 5.941000000000000000e+05 1.130919750674200244e+07
1.283000000000000000e+07 5.840000000000000000e+05 3.702482709217263013e+07
1.487000000000000000e+07 5.966000000000000000e+05 5.385346196536967531e+06
1.355000000000000000e+07 5.896000000000000000e+05 1.168793256312874705e+07
1.407000000000000000e+07 5.915000000000000000e+05 8.290216039763081819e+06
1.561000000000000000e+07 6.051000000000000000e+05 3.023840640838003717e+06
1.550000000000000000e+07 5.978000000000000000e+05 3.949577122772105038e+06
1.701000000000000000e+07 6.038000000000000000e+05 9.794333245176809141e+05
1.554000000000000000e+07 5.962000000000000000e+05 3.979631865283308551e+06
1.611000000000000000e+07 6.058000000000000000e+05 1.825770193492986029e+06
1.300000000000000000e+07 5.848000000000000000e+05 2.197346542384665459e+07
1.356000000000000000e+07 5.885000000000000000e+05 1.139850770396063663e+07
1.447000000000000000e+07 5.928000000000000000e+05 6.668734903484556824e+06
1.411000000000000000e+07 5.927000000000000000e+05 7.779312391645911150e+06
1.643000000000000000e+07 6.031000000000000000e+05 1.468226805745439371e+06
1.707000000000000000e+07 6.035000000000000000e+05 1.127784920550698182e+06
1.314000000000000000e+07 5.917000000000000000e+05 1.538647133197612688e+07
1.360000000000000000e+07 5.860000000000000000e+05 1.288702356407644600e+07
1.625000000000000000e+07 6.033000000000000000e+05 1.890916305817325134e+06
1.705000000000000000e+07 6.104000000000000000e+05 4.096189228884967742e+05
1.278000000000000000e+07 5.843000000000000000e+05 4.232179872984725237e+07
1.581000000000000000e+07 6.081000000000000000e+05 2.425605208013650030e+06
1.379000000000000000e+07 5.900000000000000000e+05 1.019584387939757481e+07
1.284000000000000000e+07 5.850000000000000000e+05 3.089945155143485963e+07
1.630000000000000000e+07 6.032000000000000000e+05 1.568749264167536283e+06
1.714000000000000000e+07 6.113000000000000000e+05 2.522595515641304373e+05
1.280000000000000000e+07 5.842000000000000000e+05 4.004581607022439688e+07
1.527000000000000000e+07 5.986000000000000000e+05 3.976211299168413505e+06
1.298000000000000000e+07 5.845000000000000000e+05 2.465299527236390114e+07
1.573000000000000000e+07 5.963000000000000000e+05 3.113745055155275855e+06
1.415000000000000000e+07 5.968000000000000000e+05 7.476049533825647086e+06
1.710000000000000000e+07 6.131000000000000000e+05 3.658657624176003155e+05
1.733000000000000000e+07 6.207000000000000000e+05 0.000000000000000000e+00
1.442000000000000000e+07 5.973000000000000000e+05 6.891560497513875365e+06