1.661000000000000000e+07 5.871000000000000000e+05 5.016483211992132477e+06
1.654000000000000000e+07 5.844000000000000000e+05 2.350226264981358126e+07
1.706000000000000000e+07 6.007000000000000000e+05 9.086077114271582104e+05
1.657000000000000000e+07 5.851000000000000000e+05 1.260731660831593163e+07
1.707000000000000000e+07 6.053000000000000000e+05 4.784553901141139213e+05
1.713000000000000000e+07 6.091000000000000000e+05 3.516340793895328534e+05
1.667000000000000000e+07 5.939000000000000000e+05 2.266919130623654462e+06
1.655000000000000000e+07 5.846000000000000000e+05 1.742538302956423536e+07
1.722000000000000000e+07 6.063000000000000000e+05 3.138380264437893056e+05
1.668000000000000000e+07 5.951000000000000000e+05 2.135615665299978107e+06
1.674000000000000000e+07 6.002000000000000000e+05 1.371204775091127027e+06
1.711000000000000000e+07 6.084000000000000000e+05 3.609649875883190543e+05
1.656000000000000000e+07 5.848000000000000000e+05 1.465030965478762612e+07
1.660000000000000000e+07 5.862000000000000000e+05 6.979803201005030423e+06
1.659000000000000000e+07 5.857000000000000000e+05 8.707848930802326649e+06
1.718000000000000000e+07 6.114000000000000000e+05 3.187226794909912860e+05
1.709000000000000000e+07 6.073000000000000000e+05 3.899100628107578959e+05
1.715000000000000000e+07 6.100000000000000000e+05 3.322866392011310672e+05
1.673000000000000000e+07 5.960000000000000000e+05 1.747848324213210959e+06
1.675000000000000000e+07 5.969000000000000000e+05 1.421534189331129193e+06
1.659000000000000000e+07 5.859000000000000000e+05 7.533826668799659237e+06
1.662000000000000000e+07 5.876000000000000000e+05 4.488939372571232729e+06
1.663000000000000000e+07 5.888000000000000000e+05 3.867469798429619055e+06
1.678000000000000000e+07 5.975000000000000000e+05 1.236264774677114561e+06
1.661000000000000000e+07 5.868000000000000000e+05 6.237607445600408129e+06
1.655000000000000000e+07 5.845000000000000000e+05 2.004228109592221677e+07
1.660000000000000000e+07 5.881000000000000000e+05 6.233897302884844132e+06
1.654000000000000000e+07 5.847000000000000000e+05 2.249991359402998909e+07
1.663000000000000000e+07 5.906000000000000000e+05 3.636769504550365731e+06
1.658000000000000000e+07 5.853000000000000000e+05 1.110117554680712149e+07
1.699000000000000000e+07 6.034000000000000000e+05 6.333814918608820299e+05
1.655000000000000000e+07 5.844000000000000000e+05 2.089816789196277782e+07
1.716000000000000000e+07 6.102000000000000000e+05 3.311406913707369822e+05
1.655000000000000000e+07 5.849000000000000000e+05 1.581995445982881263e+07
1.700000000000000000e+07 6.028000000000000000e+05 7.687264555324451067e+05
1.677000000000000000e+07 5.994000000000000000e+05 1.070817415390362963e+06
1.700000000000000000e+07 6.014000000000000000e+05 8.428266235317917308e+05
1.695000000000000000e+07 5.987000000000000000e+05 1.157306100159629248e+06
1.665000000000000000e+07 5.925000000000000000e+05 2.710189375606665853e+06
1.718000000000000000e+07 6.106000000000000000e+05 3.286870563768789289e+05
1.660000000000000000e+07 5.901000000000000000e+05 5.747327732612938620e+06
1.664000000000000000e+07 5.916000000000000000e+05 3.266187484866182785e+06
1.658000000000000000e+07 5.874000000000000000e+05 9.418160256771037355e+06
1.710000000000000000e+07 6.077000000000000000e+05 3.759271942428408074e+05
1.655000000000000000e+07 5.847000000000000000e+05 1.688284957406919822e+07
1.701000000000000000e+07 6.046000000000000000e+05 5.665875512404723559e+05
1.669000000000000000e+07 5.988000000000000000e+05 1.849555978988716844e+06
1.671000000000000000e+07 5.928000000000000000e+05 2.266226078020895366e+06
1.658000000000000000e+07 5.855000000000000000e+05 1.028396786396608874e+07
1.721000000000000000e+07 6.030000000000000000e+05 6.244208246446809499e+05