1.326000000000000000e+07 5.843000000000000000e+05 2.232458142767619714e+07
1.625000000000000000e+07 5.937000000000000000e+05 2.683322716651306953e+06
1.713000000000000000e+07 6.115000000000000000e+05 1.715120609592088440e+05
1.284000000000000000e+07 5.847000000000000000e+05 2.894095600665114820e+07
1.393000000000000000e+07 5.920000000000000000e+05 8.659090864677838981e+06
1.285000000000000000e+07 5.855000000000000000e+05 2.653356910057419538e+07
1.284000000000000000e+07 5.842000000000000000e+05 3.003124894426558912e+07
1.300000000000000000e+07 5.846000000000000000e+05 2.063040399733091891e+07
1.301000000000000000e+07 5.880000000000000000e+05 1.715412546616957337e+07
1.664000000000000000e+07 6.061000000000000000e+05 8.880816280072088121e+05
1.283000000000000000e+07 5.839000000000000000e+05 3.328331238536137342e+07
1.431000000000000000e+07 5.941000000000000000e+05 7.129283887481808662e+06
1.638000000000000000e+07 6.068000000000000000e+05 1.225857025023400318e+06
1.356000000000000000e+07 5.857000000000000000e+05 1.324198973251766711e+07
1.289000000000000000e+07 5.867000000000000000e+05 2.337313370780527592e+07
1.602000000000000000e+07 5.968000000000000000e+05 2.793170023395853117e+06
1.454000000000000000e+07 5.952000000000000000e+05 6.017580567272364162e+06
1.440000000000000000e+07 5.886000000000000000e+05 9.288550088801287115e+06
1.290000000000000000e+07 5.845000000000000000e+05 2.261615334608711302e+07
1.686000000000000000e+07 6.002000000000000000e+05 1.211699674525290728e+06
1.585000000000000000e+07 5.981000000000000000e+05 3.190439504372964613e+06
1.360000000000000000e+07 5.878000000000000000e+05 1.103465201335250214e+07
1.335000000000000000e+07 5.882000000000000000e+05 1.299296678124200739e+07
1.318000000000000000e+07 5.885000000000000000e+05 1.464760827926422842e+07
1.481000000000000000e+07 5.944000000000000000e+05 5.348448494900622405e+06
1.311000000000000000e+07 5.878000000000000000e+05 1.565208625212151743e+07
1.687000000000000000e+07 6.032000000000000000e+05 1.043869558692043298e+06
1.316000000000000000e+07 5.844000000000000000e+05 1.980450073938025907e+07
1.395000000000000000e+07 5.909000000000000000e+05 8.778231504896074533e+06
1.291000000000000000e+07 5.851000000000000000e+05 2.180273867168165743e+07
1.592000000000000000e+07 6.039000000000000000e+05 2.402054754120110534e+06
1.708000000000000000e+07 6.073000000000000000e+05 5.173284659819378285e+05
1.307000000000000000e+07 5.848000000000000000e+05 1.911055913712028041e+07
1.457000000000000000e+07 5.904000000000000000e+05 6.857184125177584589e+06
1.563000000000000000e+07 6.013000000000000000e+05 3.040897901952806395e+06
1.375000000000000000e+07 5.863000000000000000e+05 1.205728991507795081e+07
1.720000000000000000e+07 6.144000000000000000e+05 5.710099031040690897e+04
1.727000000000000000e+07 6.170000000000000000e+05 1.415620876743052213e+04
1.489000000000000000e+07 5.962000000000000000e+05 4.891938453527228907e+06
1.615000000000000000e+07 6.064000000000000000e+05 1.766760901985603850e+06
1.497000000000000000e+07 5.974000000000000000e+05 4.719456959414427169e+06
1.286000000000000000e+07 5.869000000000000000e+05 2.577732431746774167e+07
1.304000000000000000e+07 5.892000000000000000e+05 1.676946465423561260e+07
1.619000000000000000e+07 6.088000000000000000e+05 1.633411799105991377e+06
1.733000000000000000e+07 6.207000000000000000e+05 0.000000000000000000e+00
1.487000000000000000e+07 5.951000000000000000e+05 5.010790278892021626e+06
1.680000000000000000e+07 6.000000000000000000e+05 1.366147694476247532e+06
1.676000000000000000e+07 5.986000000000000000e+05 1.871856273351289565e+06
1.531000000000000000e+07 5.935000000000000000e+05 4.875055582350205630e+06
1.330000000000000000e+07 5.854000000000000000e+05 1.627148217663258128e+07
1.291000000000000000e+07 5.847000000000000000e+05 2.198647152393332496e+07
1.317000000000000000e+07 5.883000000000000000e+05 1.501547877417272329e+07
1.484000000000000000e+07 5.913000000000000000e+05 6.282592191896749660e+06
1.729000000000000000e+07 6.176000000000000000e+05 8.834018851271359381e+03
1.296000000000000000e+07 5.858000000000000000e+05 1.835010679413382336e+07
1.649000000000000000e+07 6.017000000000000000e+05 1.414301799278561957e+06
1.719000000000000000e+07 6.139000000000000000e+05 6.667656984803538944e+04
1.538000000000000000e+07 5.910000000000000000e+05 5.174851594280984253e+06
1.697000000000000000e+07 6.080000000000000000e+05 5.945783598712390522e+05
1.302000000000000000e+07 5.874000000000000000e+05 1.760696345419030637e+07
1.474000000000000000e+07 5.995000000000000000e+05 5.471747877395652235e+06
1.467000000000000000e+07 5.970000000000000000e+05 5.785711335620243102e+06
1.450000000000000000e+07 5.957000000000000000e+05 6.459966822639674880e+06
1.493000000000000000e+07 5.954000000000000000e+05 4.889269196109654382e+06
1.294000000000000000e+07 5.854000000000000000e+05 1.889782786758057028e+07
1.580000000000000000e+07 5.923000000000000000e+05 3.924274706732243299e+06
1.504000000000000000e+07 5.989000000000000000e+05 4.605952657025339082e+06
1.320000000000000000e+07 5.884000000000000000e+05 1.346270834542592801e+07
1.715000000000000000e+07 6.120000000000000000e+05 1.434803124504681036e+05
1.375000000000000000e+07 5.896000000000000000e+05 1.020505850638665073e+07
1.291000000000000000e+07 5.855000000000000000e+05 2.024554945192153379e+07
1.690000000000000000e+07 6.045000000000000000e+05 7.930195129956040764e+05
1.460000000000000000e+07 5.938000000000000000e+05 6.117299616901406087e+06
1.309000000000000000e+07 5.882000000000000000e+05 1.524197241093601473e+07
1.643000000000000000e+07 6.070000000000000000e+05 1.139913852273495635e+06
1.346000000000000000e+07 5.898000000000000000e+05 1.107338967703264765e+07
1.427000000000000000e+07 5.889000000000000000e+05 9.506729179938180372e+06
1.525000000000000000e+07 6.022000000000000000e+05 3.620379618022432085e+06
1.413000000000000000e+07 5.860000000000000000e+05 1.116483766729238257e+07
1.662000000000000000e+07 6.102000000000000000e+05 7.577678050022022799e+05
1.546000000000000000e+07 5.892000000000000000e+05 6.316330363299453631e+06
1.627000000000000000e+07 5.936000000000000000e+05 2.897481807929445058e+06
1.409000000000000000e+07 5.899000000000000000e+05 8.892696754643507302e+06
1.283000000000000000e+07 5.846000000000000000e+05 2.974020542303067818e+07
1.703000000000000000e+07 6.108000000000000000e+05 3.820719362002402777e+05
1.471000000000000000e+07 5.964000000000000000e+05 5.548029672559069470e+06
1.636000000000000000e+07 6.029000000000000000e+05 1.532486559648395516e+06
1.716000000000000000e+07 6.123000000000000000e+05 1.228327688211888744e+05
1.421000000000000000e+07 5.893000000000000000e+05 8.318018159253479913e+06
1.400000000000000000e+07 5.922000000000000000e+05 8.385404295843672007e+06
1.340000000000000000e+07 5.881000000000000000e+05 1.363039244748049974e+07
1.447000000000000000e+07 5.929000000000000000e+05 6.660252973999985494e+06
1.570000000000000000e+07 5.919000000000000000e+05 4.158803744269060437e+06
1.287000000000000000e+07 5.849000000000000000e+05 2.495260111981142312e+07
1.287000000000000000e+07 5.843000000000000000e+05 2.613487476011802629e+07
1.560000000000000000e+07 6.024000000000000000e+05 3.225006684193382040e+06
1.290000000000000000e+07 5.843000000000000000e+05 2.460363229536195472e+07
1.733000000000000000e+07 6.207000000000000000e+05 0.000000000000000000e+00
1.713000000000000000e+07 6.054000000000000000e+05 2.498084993470625777e+05
1.300000000000000000e+07 5.845000000000000000e+05 2.078656431748292595e+07
1.349000000000000000e+07 5.888000000000000000e+05 1.167826979905182682e+07
1.333000000000000000e+07 5.881000000000000000e+05 1.407607152084822953e+07
1.368000000000000000e+07 5.924000000000000000e+05 1.016217580300683901e+07
1.308000000000000000e+07 5.872000000000000000e+05 1.745839695985795185e+07
1.722000000000000000e+07 6.148000000000000000e+05 4.634598719651140709e+04
1.288000000000000000e+07 5.840000000000000000e+05 2.544190424938346073e+07
1.470000000000000000e+07 5.966000000000000000e+05 5.504946357981336303e+06
1.612000000000000000e+07 5.972000000000000000e+05 2.460857846303059254e+06
1.382000000000000000e+07 5.877000000000000000e+05 1.126120447877190635e+07
1.286000000000000000e+07 5.840000000000000000e+05 2.674580647708172351e+07
1.389000000000000000e+07 5.868000000000000000e+05 1.100279484059844166e+07
1.607000000000000000e+07 5.953000000000000000e+05 3.273998198723170906e+06
1.441000000000000000e+07 5.887000000000000000e+05 7.863472018005738035e+06
1.354000000000000000e+07 5.858000000000000000e+05 1.440502022283612564e+07
1.500000000000000000e+07 6.008000000000000000e+05 4.483026591285414062e+06
1.644000000000000000e+07 6.034000000000000000e+05 1.258787463613081025e+06
1.721000000000000000e+07 6.124000000000000000e+05 7.888755865586093569e+04
1.518000000000000000e+07 5.978000000000000000e+05 4.239149071679404005e+06
1.285000000000000000e+07 5.840000000000000000e+05 2.938526953288785368e+07
1.726000000000000000e+07 6.165000000000000000e+05 1.861908956356222552e+04
1.477000000000000000e+07 5.946000000000000000e+05 5.342564562460891902e+06
1.282000000000000000e+07 5.858000000000000000e+05 2.851862563461638242e+07
1.576000000000000000e+07 6.075000000000000000e+05 2.524873341562483925e+06
1.283000000000000000e+07 5.840000000000000000e+05 3.270544005765271187e+07
1.284000000000000000e+07 5.839000000000000000e+05 3.135104918020467460e+07
1.415000000000000000e+07 5.987000000000000000e+05 7.833114045066944323e+06
1.376000000000000000e+07 5.907000000000000000e+05 9.303052128176294267e+06
1.733000000000000000e+07 6.207000000000000000e+05 0.000000000000000000e+00
1.594000000000000000e+07 6.027000000000000000e+05 2.230346669276746921e+06
1.331000000000000000e+07 5.923000000000000000e+05 1.244285794368935190e+07
1.465000000000000000e+07 5.914000000000000000e+05 6.710687837312976830e+06
1.370000000000000000e+07 5.909000000000000000e+05 9.765294699262546375e+06
1.283000000000000000e+07 5.844000000000000000e+05 3.020700832590577751e+07
1.683000000000000000e+07 5.998000000000000000e+05 1.339223006716409232e+06
1.373000000000000000e+07 5.884000000000000000e+05 1.034126459593917057e+07
1.599000000000000000e+07 5.956000000000000000e+05 3.547592575847133994e+06
1.289000000000000000e+07 5.859000000000000000e+05 2.423979096547599137e+07
1.631000000000000000e+07 6.020000000000000000e+05 1.870257027545944788e+06
1.728000000000000000e+07 6.175000000000000000e+05 1.104249166485438400e+04
1.466000000000000000e+07 5.976000000000000000e+05 5.683661175033271313e+06
1.655000000000000000e+07 6.099000000000000000e+05 9.010493217299275566e+05
1.281000000000000000e+07 5.838000000000000000e+05 3.426098152608513832e+07
1.589000000000000000e+07 6.048000000000000000e+05 2.601267255071000196e+06
1.669000000000000000e+07 6.090000000000000000e+05 6.585943509225089801e+05
1.700000000000000000e+07 6.092000000000000000e+05 4.307792443967128638e+05
1.283000000000000000e+07 5.841000000000000000e+05 3.110886441673764959e+07
1.553000000000000000e+07 6.044000000000000000e+05 3.143782556537480094e+06
1.726000000000000000e+07 6.166000000000000000e+05 1.741967762551415581e+04
1.479000000000000000e+07 5.944000000000000000e+05 5.463154048103068955e+06
1.371000000000000000e+07 5.864000000000000000e+05 1.183503823715354688e+07
1.712000000000000000e+07 6.112000000000000000e+05 2.086421749788089073e+05
1.407000000000000000e+07 5.872000000000000000e+05 9.932428100424056873e+06
1.423000000000000000e+07 5.959000000000000000e+05 7.479824990384960547e+06
1.640000000000000000e+07 5.996000000000000000e+05 1.927515401758058928e+06
1.539000000000000000e+07 5.912000000000000000e+05 4.938471132964220829e+06
1.692000000000000000e+07 6.040000000000000000e+05 9.973129254979619291e+05
1.697000000000000000e+07 6.056000000000000000e+05 6.052882024346368853e+05
1.510000000000000000e+07 5.990000000000000000e+05 4.435331279291787185e+06
1.507000000000000000e+07 6.035000000000000000e+05 4.390354559924129397e+06
1.724000000000000000e+07 6.156000000000000000e+05 3.026871862811037499e+04
1.526000000000000000e+07 6.015000000000000000e+05 3.728833801054548938e+06
1.717000000000000000e+07 6.129000000000000000e+05 9.953705301086351392e+04
1.420000000000000000e+07 5.947000000000000000e+05 7.775429440234163776e+06
1.296000000000000000e+07 5.856000000000000000e+05 1.846906094235313684e+07
1.542000000000000000e+07 6.012000000000000000e+05 3.500430200533928350e+06
1.430000000000000000e+07 5.927000000000000000e+05 7.169077064471766353e+06
1.676000000000000000e+07 5.988000000000000000e+05 1.763236720196225215e+06
1.284000000000000000e+07 5.855000000000000000e+05 2.758042386546044797e+07
1.288000000000000000e+07 5.861000000000000000e+05 2.397681321347803622e+07
1.339000000000000000e+07 5.848000000000000000e+05 1.789222941592331603e+07
1.724000000000000000e+07 6.159000000000000000e+05 2.595141760517851435e+04
1.450000000000000000e+07 5.917000000000000000e+05 6.928267423884581774e+06
1.548000000000000000e+07 5.999000000000000000e+05 3.373657030701935291e+06
1.694000000000000000e+07 6.043000000000000000e+05 7.494779426649331581e+05
1.315000000000000000e+07 5.844000000000000000e+05 1.999481752219790220e+07
1.368000000000000000e+07 5.890000000000000000e+05 1.058930171561967209e+07
1.284000000000000000e+07 5.853000000000000000e+05 2.838174316176345199e+07
1.307000000000000000e+07 5.877000000000000000e+05 1.700197145076932013e+07
1.652000000000000000e+07 6.060000000000000000e+05 1.186064407261688495e+06
1.669000000000000000e+07 6.096000000000000000e+05 6.195756617948125349e+05
1.342000000000000000e+07 5.902000000000000000e+05 1.143658370181449316e+07
1.419000000000000000e+07 5.851000000000000000e+05 1.544772427386518940e+07
1.489000000000000000e+07 5.926000000000000000e+05 5.904143690219745040e+06
1.402000000000000000e+07 5.942000000000000000e+05 7.954112186814710498e+06
1.602000000000000000e+07 6.027000000000000000e+05 2.102391256883847527e+06
1.654000000000000000e+07 6.084000000000000000e+05 9.231159454335810151e+05
1.341000000000000000e+07 5.893000000000000000e+05 1.267134359699944220e+07
1.284000000000000000e+07 5.866000000000000000e+05 2.713650318594400212e+07
1.285000000000000000e+07 5.838000000000000000e+05 3.166024832138590515e+07
1.314000000000000000e+07 5.845000000000000000e+05 1.927713868208387867e+07
1.632000000000000000e+07 6.021000000000000000e+05 1.840478284551078454e+06
1.435000000000000000e+07 5.891000000000000000e+05 9.078541809953158721e+06
1.445000000000000000e+07 5.931000000000000000e+05 6.725616915450473316e+06
1.364000000000000000e+07 5.886000000000000000e+05 1.076263063272420317e+07
1.710000000000000000e+07 6.105000000000000000e+05 2.998895879882784211e+05
1.657000000000000000e+07 6.052000000000000000e+05 9.914869027025270043e+05
1.464000000000000000e+07 5.871000000000000000e+05 9.561187361475560814e+06
1.323000000000000000e+07 5.885000000000000000e+05 1.325567890080880374e+07
1.385000000000000000e+07 5.921000000000000000e+05 9.163519558009911329e+06
1.463000000000000000e+07 6.018000000000000000e+05 5.979803519799491391e+06