1.655000000000000000e+07 5.846000000000000000e+05 1.732993564605808258e+07
1.661000000000000000e+07 5.869000000000000000e+05 5.311391914168526419e+06
1.654000000000000000e+07 5.847000000000000000e+05 2.233489912765273079e+07
1.721000000000000000e+07 6.069000000000000000e+05 3.777944316014143405e+05
1.667000000000000000e+07 5.933000000000000000e+05 2.108156414065037854e+06
1.656000000000000000e+07 5.848000000000000000e+05 1.397639524028495327e+07
1.662000000000000000e+07 5.874000000000000000e+05 4.415319526588920504e+06
1.664000000000000000e+07 5.919000000000000000e+05 3.029534765046363696e+06
1.718000000000000000e+07 6.114000000000000000e+05 3.181750573798830155e+05
1.671000000000000000e+07 5.946000000000000000e+05 1.734704562175575178e+06
1.665000000000000000e+07 5.908000000000000000e+05 2.881852942630948965e+06
1.666000000000000000e+07 5.939000000000000000e+05 2.311441581593350042e+06
1.699000000000000000e+07 6.010000000000000000e+05 8.630882037332438631e+05
1.660000000000000000e+07 5.925000000000000000e+05 6.079766196282858960e+06
1.667000000000000000e+07 5.966000000000000000e+05 2.029400876870493405e+06
1.718000000000000000e+07 6.114000000000000000e+05 3.181750573798830155e+05
1.654000000000000000e+07 5.843000000000000000e+05 2.409169247821912169e+07
1.701000000000000000e+07 6.045000000000000000e+05 5.711702506603900110e+05
1.676000000000000000e+07 6.018000000000000000e+05 9.834540857985623879e+05
1.716000000000000000e+07 6.103000000000000000e+05 3.278577392671453417e+05
1.722000000000000000e+07 6.063000000000000000e+05 3.133651231914618402e+05
1.655000000000000000e+07 5.845000000000000000e+05 1.860092696380733326e+07
1.710000000000000000e+07 6.079000000000000000e+05 3.710422252906269277e+05
1.659000000000000000e+07 5.884000000000000000e+05 6.687362152129033580e+06
1.656000000000000000e+07 5.853000000000000000e+05 1.228579273192338832e+07
1.664000000000000000e+07 5.888000000000000000e+05 4.253860322477637790e+06
1.711000000000000000e+07 6.084000000000000000e+05 3.601674625061922707e+05
1.660000000000000000e+07 5.855000000000000000e+05 1.138177109667282365e+07
1.678000000000000000e+07 6.008000000000000000e+05 9.596711589346899418e+05
1.656000000000000000e+07 5.847000000000000000e+05 1.509230739348560944e+07
1.695000000000000000e+07 5.989000000000000000e+05 1.043303165242833667e+06
1.658000000000000000e+07 5.865000000000000000e+05 9.277690304542673752e+06
1.669000000000000000e+07 5.901000000000000000e+05 3.628187070245083421e+06
1.655000000000000000e+07 5.844000000000000000e+05 2.053449164106897265e+07
1.658000000000000000e+07 5.866000000000000000e+05 8.265347143633054569e+06
1.656000000000000000e+07 5.851000000000000000e+05 1.313274897431518510e+07
1.664000000000000000e+07 5.900000000000000000e+05 3.680069540823983960e+06
1.704000000000000000e+07 6.055000000000000000e+05 4.630565404461083235e+05
1.657000000000000000e+07 5.856000000000000000e+05 9.832503109499938786e+06
1.704000000000000000e+07 6.022000000000000000e+05 5.971946700413322542e+05
1.654000000000000000e+07 5.843000000000000000e+05 2.409169247821912169e+07
1.713000000000000000e+07 6.091000000000000000e+05 3.440264269345471403e+05
1.673000000000000000e+07 5.997000000000000000e+05 1.391564196687822230e+06
1.659000000000000000e+07 5.870000000000000000e+05 6.972629985822248273e+06
1.670000000000000000e+07 5.976000000000000000e+05 2.009150379741992336e+06
1.659000000000000000e+07 5.868000000000000000e+05 7.774180514878066257e+06
1.658000000000000000e+07 5.861000000000000000e+05 9.715067075862556696e+06
1.693000000000000000e+07 5.993000000000000000e+05 1.209945586005517049e+06
1.654000000000000000e+07 5.844000000000000000e+05 2.259120594188351929e+07
1.674000000000000000e+07 6.003000000000000000e+05 1.123499376238055993e+06