1.282000000000000000e+07 5.836000000000000000e+05 3.461171061964137852e+07
1.316000000000000000e+07 5.849000000000000000e+05 1.654671614200192876e+07
1.321000000000000000e+07 5.888000000000000000e+05 1.343095452053934336e+07
1.597000000000000000e+07 5.912000000000000000e+05 4.128310689369555563e+06
1.283000000000000000e+07 5.850000000000000000e+05 2.813879205979522690e+07
1.355000000000000000e+07 5.899000000000000000e+05 1.077810613418743946e+07
1.373000000000000000e+07 5.862000000000000000e+05 1.172272381526599452e+07
1.411000000000000000e+07 5.972000000000000000e+05 7.592905209137054160e+06
1.294000000000000000e+07 5.875000000000000000e+05 1.900557469472219795e+07
1.278000000000000000e+07 5.835000000000000000e+05 3.875862156379295886e+07
1.286000000000000000e+07 5.857000000000000000e+05 2.438324897633901983e+07
1.279000000000000000e+07 5.837000000000000000e+05 3.317349783988676965e+07
1.285000000000000000e+07 5.851000000000000000e+05 2.617691334801086038e+07
1.310000000000000000e+07 5.906000000000000000e+05 1.488611913537637517e+07
1.474000000000000000e+07 5.920000000000000000e+05 5.888143287273352966e+06
1.277000000000000000e+07 5.837000000000000000e+05 3.727355337226024270e+07
1.421000000000000000e+07 5.939000000000000000e+05 7.509661513055493124e+06
1.278000000000000000e+07 5.838000000000000000e+05 3.550152457486450672e+07
1.275000000000000000e+07 5.839000000000000000e+05 4.282380831497861445e+07
1.703000000000000000e+07 6.107000000000000000e+05 3.802974543650158448e+05
1.283000000000000000e+07 5.838000000000000000e+05 2.870353322613263503e+07
1.727000000000000000e+07 6.169000000000000000e+05 1.455860433217480204e+04
1.282000000000000000e+07 5.840000000000000000e+05 2.940940753160557151e+07
1.637000000000000000e+07 6.001000000000000000e+05 1.533177686167184962e+06
1.378000000000000000e+07 5.910000000000000000e+05 9.111272788191150874e+06
1.469000000000000000e+07 5.924000000000000000e+05 5.661958091785465367e+06
1.277000000000000000e+07 5.836000000000000000e+05 3.825050139156312495e+07
1.303000000000000000e+07 5.877000000000000000e+05 1.740273828531687707e+07
1.706000000000000000e+07 6.119000000000000000e+05 3.484610545866744360e+05
1.308000000000000000e+07 5.881000000000000000e+05 1.614863583308337256e+07
1.728000000000000000e+07 6.175000000000000000e+05 9.878109612398382524e+03
1.395000000000000000e+07 5.901000000000000000e+05 8.649430444624900818e+06
1.291000000000000000e+07 5.883000000000000000e+05 2.064525489669664204e+07
1.351000000000000000e+07 5.908000000000000000e+05 1.054058747617360204e+07
1.513000000000000000e+07 5.904000000000000000e+05 5.773741148299394175e+06
1.733000000000000000e+07 6.179000000000000000e+05 4.537374909961230514e+03
1.578000000000000000e+07 6.081000000000000000e+05 2.480600203437096905e+06
1.338000000000000000e+07 5.846000000000000000e+05 1.798085202055650204e+07
1.402000000000000000e+07 5.954000000000000000e+05 7.776850166181428358e+06
1.314000000000000000e+07 5.856000000000000000e+05 1.680428572302334383e+07
1.725000000000000000e+07 6.162000000000000000e+05 2.178375644330211799e+04
1.281000000000000000e+07 5.838000000000000000e+05 3.132359543036650121e+07
1.721000000000000000e+07 6.110000000000000000e+05 1.336481427066077013e+05
1.279000000000000000e+07 5.841000000000000000e+05 3.262481679972022772e+07
1.293000000000000000e+07 5.862000000000000000e+05 1.936587350597591326e+07
1.285000000000000000e+07 5.839000000000000000e+05 2.717235542214056104e+07
1.288000000000000000e+07 5.838000000000000000e+05 2.775041553826241940e+07
1.452000000000000000e+07 5.908000000000000000e+05 7.354871802398698404e+06
1.296000000000000000e+07 5.870000000000000000e+05 1.869004077285101265e+07
1.287000000000000000e+07 5.839000000000000000e+05 2.585328399958340824e+07
1.646000000000000000e+07 6.047000000000000000e+05 1.197660418380863499e+06
1.663000000000000000e+07 6.089000000000000000e+05 7.355203876150335418e+05
1.387000000000000000e+07 5.890000000000000000e+05 9.479258421764105558e+06
1.466000000000000000e+07 5.982000000000000000e+05 5.768890303285071626e+06
1.688000000000000000e+07 6.025000000000000000e+05 9.629840117204937851e+05
1.293000000000000000e+07 5.858000000000000000e+05 2.002246313230249286e+07
1.601000000000000000e+07 5.927000000000000000e+05 2.950496214707762003e+06
1.342000000000000000e+07 5.856000000000000000e+05 1.387427663299566880e+07
1.277000000000000000e+07 5.835000000000000000e+05 3.952507203968457878e+07
1.586000000000000000e+07 5.969000000000000000e+05 2.558722320325567853e+06
1.445000000000000000e+07 5.968000000000000000e+05 6.509394560619642958e+06
1.723000000000000000e+07 6.153000000000000000e+05 3.659838997917655797e+04
1.434000000000000000e+07 5.923000000000000000e+05 7.143097756170283072e+06
1.625000000000000000e+07 6.042000000000000000e+05 1.611448522466350347e+06
1.415000000000000000e+07 5.884000000000000000e+05 8.979654950358917937e+06
1.579000000000000000e+07 5.961000000000000000e+05 2.804955315199160017e+06
1.721000000000000000e+07 6.145000000000000000e+05 5.298690167515593203e+04
1.595000000000000000e+07 6.038000000000000000e+05 2.202829836651438847e+06
1.324000000000000000e+07 5.860000000000000000e+05 1.403986473591114208e+07
1.422000000000000000e+07 5.951000000000000000e+05 7.492282580714723095e+06
1.675000000000000000e+07 5.932000000000000000e+05 2.827161577725435607e+06
1.716000000000000000e+07 6.125000000000000000e+05 1.106629886945423350e+05
1.733000000000000000e+07 6.207000000000000000e+05 0.000000000000000000e+00
1.361000000000000000e+07 5.865000000000000000e+05 1.283620275772967190e+07
1.493000000000000000e+07 5.955000000000000000e+05 4.870725755713515915e+06
1.278000000000000000e+07 5.836000000000000000e+05 3.683183146290174127e+07
1.284000000000000000e+07 5.846000000000000000e+05 2.675427035510008037e+07
1.449000000000000000e+07 5.943000000000000000e+05 6.491406113207494840e+06
1.515000000000000000e+07 5.965000000000000000e+05 4.144991237368212547e+06
1.474000000000000000e+07 5.915000000000000000e+05 6.033600053673412651e+06
1.587000000000000000e+07 5.997000000000000000e+05 2.438334784268610645e+06
1.484000000000000000e+07 5.945000000000000000e+05 5.307654916651197709e+06
1.298000000000000000e+07 5.858000000000000000e+05 1.957260302265962958e+07
1.566000000000000000e+07 5.992000000000000000e+05 3.110477034576969687e+06
1.275000000000000000e+07 5.835000000000000000e+05 4.374926840153989941e+07
1.300000000000000000e+07 5.871000000000000000e+05 1.774923390900152177e+07
1.438000000000000000e+07 5.981000000000000000e+05 6.439682225503132679e+06
1.520000000000000000e+07 5.974000000000000000e+05 3.917242376401782501e+06
1.498000000000000000e+07 5.947000000000000000e+05 4.766099303361179307e+06
1.620000000000000000e+07 6.032000000000000000e+05 1.785778687713184627e+06
1.288000000000000000e+07 5.845000000000000000e+05 2.228776322751975805e+07
1.687000000000000000e+07 5.986000000000000000e+05 1.267645009166929172e+06
1.531000000000000000e+07 6.062000000000000000e+05 3.517901497950563207e+06
1.535000000000000000e+07 6.071000000000000000e+05 3.396851663829649799e+06
1.545000000000000000e+07 6.049000000000000000e+05 3.180456882361340802e+06
1.275000000000000000e+07 5.841000000000000000e+05 4.263767145497182012e+07
1.404000000000000000e+07 5.936000000000000000e+05 8.045686926408953965e+06
1.340000000000000000e+07 5.886000000000000000e+05 1.311314878810117953e+07
1.727000000000000000e+07 6.168000000000000000e+05 1.619446276427130761e+04
1.457000000000000000e+07 5.971000000000000000e+05 6.242137884006758220e+06
1.348000000000000000e+07 5.844000000000000000e+05 2.036608597071074694e+07
1.658000000000000000e+07 6.100000000000000000e+05 8.412603642612217227e+05
1.571000000000000000e+07 5.976000000000000000e+05 3.258439400571558625e+06
1.468000000000000000e+07 5.967000000000000000e+05 5.530772115105799399e+06
1.649000000000000000e+07 6.045000000000000000e+05 1.309274845813559368e+06
1.368000000000000000e+07 5.888000000000000000e+05 1.086909610369949602e+07
1.511000000000000000e+07 5.978000000000000000e+05 4.191570239721062593e+06
1.312000000000000000e+07 5.895000000000000000e+05 1.453728393114498444e+07
1.639000000000000000e+07 6.006000000000000000e+05 1.377290858411876019e+06
1.553000000000000000e+07 6.040000000000000000e+05 2.985903548020707443e+06
1.377000000000000000e+07 5.906000000000000000e+05 9.195411305172992870e+06
1.733000000000000000e+07 6.207000000000000000e+05 0.000000000000000000e+00
1.289000000000000000e+07 5.873000000000000000e+05 2.119952401059054583e+07
1.606000000000000000e+07 6.055000000000000000e+05 2.134960153160535730e+06
1.329000000000000000e+07 5.903000000000000000e+05 1.245285565162139013e+07
1.667000000000000000e+07 6.065000000000000000e+05 7.297706649520290084e+05
1.371000000000000000e+07 5.867000000000000000e+05 1.149666519214584678e+07
1.562000000000000000e+07 5.930000000000000000e+05 3.614866082435976714e+06
1.548000000000000000e+07 5.934000000000000000e+05 4.820632811177367344e+06
1.642000000000000000e+07 6.065000000000000000e+05 1.188492887017975096e+06
1.280000000000000000e+07 5.839000000000000000e+05 3.138386802030398697e+07
1.394000000000000000e+07 5.886000000000000000e+05 9.869444726929640397e+06
1.357000000000000000e+07 5.884000000000000000e+05 1.193357941621682048e+07
1.398000000000000000e+07 5.958000000000000000e+05 8.245535810710771009e+06
1.282000000000000000e+07 5.853000000000000000e+05 2.915242637871313095e+07
1.502000000000000000e+07 5.995000000000000000e+05 4.601592177048679441e+06
1.560000000000000000e+07 5.963000000000000000e+05 3.695231632461589761e+06
1.581000000000000000e+07 5.978000000000000000e+05 2.604509805895491038e+06
1.614000000000000000e+07 6.005000000000000000e+05 2.337041004743388854e+06
1.288000000000000000e+07 5.843000000000000000e+05 2.290599224958971143e+07
1.733000000000000000e+07 6.207000000000000000e+05 0.000000000000000000e+00
1.588000000000000000e+07 5.989000000000000000e+05 2.428700916585899889e+06
1.695000000000000000e+07 6.052000000000000000e+05 6.456572668059568387e+05
1.732000000000000000e+07 6.127000000000000000e+05 5.801271603754372336e+03
1.322000000000000000e+07 5.879000000000000000e+05 1.501204052282788046e+07
1.573000000000000000e+07 5.985000000000000000e+05 3.231238523706382606e+06
1.525000000000000000e+07 6.045000000000000000e+05 3.577802572840671055e+06
1.287000000000000000e+07 5.844000000000000000e+05 2.480171165120412037e+07
1.618000000000000000e+07 6.017000000000000000e+05 2.156961845630543306e+06
1.327000000000000000e+07 5.855000000000000000e+05 1.539377882160629891e+07
1.591000000000000000e+07 6.014000000000000000e+05 2.233960809352311306e+06
1.693000000000000000e+07 6.015000000000000000e+05 1.053385209715058794e+06
1.480000000000000000e+07 5.902000000000000000e+05 6.610667625463222153e+06
1.719000000000000000e+07 6.068000000000000000e+05 5.656855367363193072e+05
1.521000000000000000e+07 6.030000000000000000e+05 3.777826739241008647e+06
1.630000000000000000e+07 5.983000000000000000e+05 1.630085657615429955e+06
1.509000000000000000e+07 6.033000000000000000e+05 4.045911846836388577e+06
1.431000000000000000e+07 5.959000000000000000e+05 6.911511568234536797e+06
1.290000000000000000e+07 5.868000000000000000e+05 2.144818269831159338e+07
1.670000000000000000e+07 6.092000000000000000e+05 7.236233312735641375e+05
1.664000000000000000e+07 6.089000000000000000e+05 7.313731390089229681e+05
1.347000000000000000e+07 5.885000000000000000e+05 1.222250881246366352e+07
1.382000000000000000e+07 5.902000000000000000e+05 9.590043702042024583e+06
1.482000000000000000e+07 6.020000000000000000e+05 5.052845336804490536e+06
1.609000000000000000e+07 6.074000000000000000e+05 1.849116845064082183e+06
1.388000000000000000e+07 5.903000000000000000e+05 9.030536529274584725e+06
1.487000000000000000e+07 5.957000000000000000e+05 4.943368541529749520e+06
1.407000000000000000e+07 5.910000000000000000e+05 8.039297828064963222e+06
1.505000000000000000e+07 5.993000000000000000e+05 4.324040451522964984e+06
1.701000000000000000e+07 6.097000000000000000e+05 4.104682706923307269e+05
1.676000000000000000e+07 5.954000000000000000e+05 2.238668074348947499e+06
1.286000000000000000e+07 5.866000000000000000e+05 2.417307367536636814e+07
1.501000000000000000e+07 6.030000000000000000e+05 4.386131320738162845e+06
1.538000000000000000e+07 5.878000000000000000e+05 6.918363556551931426e+06
1.503000000000000000e+07 6.025000000000000000e+05 4.265503173332966864e+06
1.351000000000000000e+07 5.901000000000000000e+05 1.136585062048570812e+07
1.276000000000000000e+07 5.835000000000000000e+05 3.996229894208230078e+07
1.288000000000000000e+07 5.849000000000000000e+05 2.168549322440151498e+07
1.280000000000000000e+07 5.838000000000000000e+05 3.219043632386849076e+07
1.533000000000000000e+07 6.058000000000000000e+05 3.460565990406786557e+06
1.576000000000000000e+07 6.046000000000000000e+05 2.827600779975135345e+06
1.626000000000000000e+07 6.002000000000000000e+05 1.951821140124992467e+06
1.494000000000000000e+07 5.954000000000000000e+05 4.978121428548552096e+06
1.308000000000000000e+07 5.931000000000000000e+05 1.587381478513139114e+07
1.442000000000000000e+07 5.936000000000000000e+05 6.854171183626852930e+06
1.376000000000000000e+07 5.885000000000000000e+05 1.120169057766719721e+07
1.437000000000000000e+07 5.954000000000000000e+05 6.789765659558494575e+06
1.311000000000000000e+07 5.872000000000000000e+05 1.551457034356899559e+07
1.281000000000000000e+07 5.840000000000000000e+05 2.997382859352738410e+07
1.715000000000000000e+07 6.114000000000000000e+05 1.295162726091084915e+05
1.724000000000000000e+07 6.158000000000000000e+05 2.663601042722591956e+04
1.730000000000000000e+07 6.093000000000000000e+05 3.465999189766893396e+05
1.287000000000000000e+07 5.867000000000000000e+05 2.311869620795324072e+07
1.281000000000000000e+07 5.839000000000000000e+05 3.042375917803045362e+07
1.733000000000000000e+07 6.207000000000000000e+05 0.000000000000000000e+00
1.281000000000000000e+07 5.836000000000000000e+05 3.568840208863048255e+07
1.596000000000000000e+07 6.009000000000000000e+05 2.388705259776582476e+06
1.330000000000000000e+07 5.893000000000000000e+05 1.259814620145064220e+07
1.365000000000000000e+07 5.921000000000000000e+05 1.003136955677630194e+07
1.518000000000000000e+07 5.942000000000000000e+05 4.497526713241224177e+06
1.508000000000000000e+07 6.022000000000000000e+05 4.124933176032992080e+06
1.302000000000000000e+07 5.866000000000000000e+05 1.843040410502021387e+07
1.702000000000000000e+07 6.076000000000000000e+05 5.078088247735773330e+05
1.459000000000000000e+07 5.896000000000000000e+05 6.987265051659194753e+06
1.554000000000000000e+07 6.043000000000000000e+05 2.978691535363030154e+06
1.709000000000000000e+07 6.104000000000000000e+05 3.203102410429929150e+05
1.706000000000000000e+07 6.116000000000000000e+05 3.582059441100515542e+05
1.657000000000000000e+07 6.050000000000000000e+05 1.081627949212068459e+06
1.326000000000000000e+07 5.879000000000000000e+05 1.368444436583355442e+07
1.660000000000000000e+07 6.035000000000000000e+05 1.331678172417895636e+06