1.688000000000000000e+07 6.103000000000000000e+05 7.040670078790861880e+05
1.688000000000000000e+07 6.103000000000000000e+05 7.040670078790861880e+05
1.688000000000000000e+07 6.103000000000000000e+05 7.040670078790861880e+05
1.688000000000000000e+07 6.103000000000000000e+05 7.040670078790861880e+05
1.688000000000000000e+07 6.103000000000000000e+05 7.040670078790861880e+05
1.688000000000000000e+07 6.103000000000000000e+05 7.040670078790861880e+05
1.688000000000000000e+07 6.103000000000000000e+05 7.040670078790861880e+05
1.733000000000000000e+07 6.207000000000000000e+05 0.000000000000000000e+00
1.733000000000000000e+07 6.207000000000000000e+05 0.000000000000000000e+00
1.733000000000000000e+07 6.207000000000000000e+05 0.000000000000000000e+00
1.733000000000000000e+07 6.207000000000000000e+05 0.000000000000000000e+00
1.733000000000000000e+07 6.207000000000000000e+05 0.000000000000000000e+00
1.733000000000000000e+07 6.207000000000000000e+05 0.000000000000000000e+00
1.733000000000000000e+07 6.207000000000000000e+05 0.000000000000000000e+00
1.733000000000000000e+07 6.207000000000000000e+05 0.000000000000000000e+00
1.733000000000000000e+07 6.207000000000000000e+05 0.000000000000000000e+00
1.733000000000000000e+07 6.207000000000000000e+05 0.000000000000000000e+00
1.733000000000000000e+07 6.207000000000000000e+05 0.000000000000000000e+00
1.733000000000000000e+07 6.207000000000000000e+05 0.000000000000000000e+00
1.676000000000000000e+07 6.055000000000000000e+05 1.460178519255446969e+06
1.688000000000000000e+07 6.103000000000000000e+05 7.040670078790861880e+05
1.688000000000000000e+07 6.103000000000000000e+05 7.040670078790861880e+05
1.688000000000000000e+07 6.103000000000000000e+05 7.040670078790861880e+05
1.688000000000000000e+07 6.103000000000000000e+05 7.040670078790861880e+05
1.688000000000000000e+07 6.103000000000000000e+05 7.040670078790861880e+05
1.733000000000000000e+07 6.207000000000000000e+05 0.000000000000000000e+00
1.733000000000000000e+07 6.207000000000000000e+05 0.000000000000000000e+00
1.733000000000000000e+07 6.207000000000000000e+05 0.000000000000000000e+00
1.733000000000000000e+07 6.207000000000000000e+05 0.000000000000000000e+00
1.733000000000000000e+07 6.207000000000000000e+05 0.000000000000000000e+00
1.733000000000000000e+07 6.207000000000000000e+05 0.000000000000000000e+00
1.733000000000000000e+07 6.207000000000000000e+05 0.000000000000000000e+00
1.733000000000000000e+07 6.207000000000000000e+05 0.000000000000000000e+00
1.733000000000000000e+07 6.207000000000000000e+05 0.000000000000000000e+00
1.733000000000000000e+07 6.207000000000000000e+05 0.000000000000000000e+00
1.733000000000000000e+07 6.207000000000000000e+05 0.000000000000000000e+00
1.733000000000000000e+07 6.207000000000000000e+05 0.000000000000000000e+00
1.676000000000000000e+07 6.055000000000000000e+05 1.460178519255446969e+06
1.688000000000000000e+07 6.103000000000000000e+05 7.040670078790861880e+05
1.688000000000000000e+07 6.103000000000000000e+05 7.040670078790861880e+05
1.688000000000000000e+07 6.103000000000000000e+05 7.040670078790861880e+05
1.688000000000000000e+07 6.103000000000000000e+05 7.040670078790861880e+05
1.687000000000000000e+07 6.099000000000000000e+05 8.804079907487940509e+05
1.687000000000000000e+07 6.099000000000000000e+05 8.804079907487940509e+05
1.687000000000000000e+07 6.099000000000000000e+05 8.804079907487940509e+05
1.733000000000000000e+07 6.207000000000000000e+05 0.000000000000000000e+00
1.733000000000000000e+07 6.207000000000000000e+05 0.000000000000000000e+00
1.733000000000000000e+07 6.207000000000000000e+05 0.000000000000000000e+00
1.733000000000000000e+07 6.207000000000000000e+05 0.000000000000000000e+00
1.733000000000000000e+07 6.207000000000000000e+05 0.000000000000000000e+00
1.733000000000000000e+07 6.207000000000000000e+05 0.000000000000000000e+00
1.733000000000000000e+07 6.207000000000000000e+05 0.000000000000000000e+00
1.733000000000000000e+07 6.207000000000000000e+05 0.000000000000000000e+00
1.733000000000000000e+07 6.207000000000000000e+05 0.000000000000000000e+00
1.686000000000000000e+07 6.086000000000000000e+05 1.154106175067340722e+06
1.688000000000000000e+07 6.103000000000000000e+05 7.011553068117512157e+05
1.688000000000000000e+07 6.103000000000000000e+05 7.011553068117512157e+05
1.688000000000000000e+07 6.103000000000000000e+05 7.011553068117512157e+05
1.688000000000000000e+07 6.103000000000000000e+05 7.011553068117512157e+05
1.688000000000000000e+07 6.103000000000000000e+05 7.011553068117512157e+05
1.688000000000000000e+07 6.103000000000000000e+05 7.011553068117512157e+05
1.688000000000000000e+07 6.103000000000000000e+05 7.011553068117512157e+05
1.688000000000000000e+07 6.103000000000000000e+05 7.011553068117512157e+05
1.688000000000000000e+07 6.103000000000000000e+05 7.011553068117512157e+05
1.688000000000000000e+07 6.103000000000000000e+05 7.011553068117512157e+05
1.733000000000000000e+07 6.207000000000000000e+05 0.000000000000000000e+00
1.733000000000000000e+07 6.207000000000000000e+05 0.000000000000000000e+00
1.733000000000000000e+07 6.207000000000000000e+05 0.000000000000000000e+00
1.733000000000000000e+07 6.207000000000000000e+05 0.000000000000000000e+00
1.733000000000000000e+07 6.207000000000000000e+05 0.000000000000000000e+00
1.688000000000000000e+07 6.100000000000000000e+05 8.231853737250339473e+05
1.687000000000000000e+07 6.099000000000000000e+05 8.804079907487940509e+05
1.688000000000000000e+07 6.103000000000000000e+05 7.011553068117512157e+05
1.688000000000000000e+07 6.103000000000000000e+05 7.011553068117512157e+05
1.688000000000000000e+07 6.103000000000000000e+05 7.011553068117512157e+05
1.688000000000000000e+07 6.103000000000000000e+05 7.011553068117512157e+05
1.688000000000000000e+07 6.103000000000000000e+05 7.011553068117512157e+05
1.688000000000000000e+07 6.103000000000000000e+05 7.011553068117512157e+05
1.688000000000000000e+07 6.103000000000000000e+05 7.011553068117512157e+05
1.688000000000000000e+07 6.103000000000000000e+05 7.011553068117512157e+05
1.688000000000000000e+07 6.103000000000000000e+05 7.011553068117512157e+05
1.733000000000000000e+07 6.207000000000000000e+05 0.000000000000000000e+00
1.733000000000000000e+07 6.207000000000000000e+05 0.000000000000000000e+00
1.733000000000000000e+07 6.207000000000000000e+05 0.000000000000000000e+00
1.733000000000000000e+07 6.207000000000000000e+05 0.000000000000000000e+00
1.688000000000000000e+07 6.103000000000000000e+05 7.040670078790861880e+05
1.688000000000000000e+07 6.103000000000000000e+05 7.011553068117512157e+05
1.688000000000000000e+07 6.103000000000000000e+05 7.011553068117512157e+05
1.688000000000000000e+07 6.103000000000000000e+05 7.011553068117512157e+05
1.688000000000000000e+07 6.103000000000000000e+05 7.011553068117512157e+05
1.688000000000000000e+07 6.103000000000000000e+05 7.011553068117512157e+05
1.688000000000000000e+07 6.103000000000000000e+05 7.011553068117512157e+05
1.688000000000000000e+07 6.103000000000000000e+05 7.011553068117512157e+05
1.688000000000000000e+07 6.103000000000000000e+05 7.011553068117512157e+05
1.688000000000000000e+07 6.103000000000000000e+05 7.011553068117512157e+05
1.733000000000000000e+07 6.207000000000000000e+05 0.000000000000000000e+00
1.733000000000000000e+07 6.207000000000000000e+05 0.000000000000000000e+00
1.733000000000000000e+07 6.207000000000000000e+05 0.000000000000000000e+00
1.733000000000000000e+07 6.207000000000000000e+05 0.000000000000000000e+00
1.688000000000000000e+07 6.103000000000000000e+05 7.011553068117512157e+05
1.688000000000000000e+07 6.103000000000000000e+05 7.011553068117512157e+05
1.688000000000000000e+07 6.103000000000000000e+05 7.011553068117512157e+05
1.688000000000000000e+07 6.103000000000000000e+05 7.011553068117512157e+05
1.688000000000000000e+07 6.103000000000000000e+05 7.011553068117512157e+05
1.688000000000000000e+07 6.103000000000000000e+05 7.011553068117512157e+05
1.688000000000000000e+07 6.103000000000000000e+05 7.011553068117512157e+05
1.688000000000000000e+07 6.103000000000000000e+05 7.011553068117512157e+05
1.733000000000000000e+07 6.207000000000000000e+05 0.000000000000000000e+00
1.733000000000000000e+07 6.207000000000000000e+05 0.000000000000000000e+00
1.733000000000000000e+07 6.207000000000000000e+05 0.000000000000000000e+00
1.733000000000000000e+07 6.207000000000000000e+05 0.000000000000000000e+00
1.733000000000000000e+07 6.207000000000000000e+05 0.000000000000000000e+00
1.688000000000000000e+07 6.103000000000000000e+05 7.011553068117512157e+05
1.688000000000000000e+07 6.103000000000000000e+05 7.011553068117512157e+05
1.688000000000000000e+07 6.103000000000000000e+05 7.011553068117512157e+05
1.688000000000000000e+07 6.103000000000000000e+05 7.011553068117512157e+05
1.688000000000000000e+07 6.103000000000000000e+05 7.011553068117512157e+05
1.688000000000000000e+07 6.103000000000000000e+05 7.011553068117512157e+05
1.688000000000000000e+07 6.103000000000000000e+05 7.011553068117512157e+05
1.733000000000000000e+07 6.207000000000000000e+05 0.000000000000000000e+00
1.733000000000000000e+07 6.207000000000000000e+05 0.000000000000000000e+00
1.733000000000000000e+07 6.207000000000000000e+05 0.000000000000000000e+00
1.733000000000000000e+07 6.207000000000000000e+05 0.000000000000000000e+00
1.733000000000000000e+07 6.207000000000000000e+05 0.000000000000000000e+00
1.727000000000000000e+07 6.167000000000000000e+05 7.049582865604637191e+05
1.727000000000000000e+07 6.167000000000000000e+05 7.049582865604637191e+05
1.727000000000000000e+07 6.167000000000000000e+05 7.049582865604637191e+05
1.727000000000000000e+07 6.167000000000000000e+05 7.049582865604637191e+05
1.727000000000000000e+07 6.167000000000000000e+05 7.049582865604637191e+05
1.733000000000000000e+07 6.207000000000000000e+05 0.000000000000000000e+00
1.733000000000000000e+07 6.207000000000000000e+05 0.000000000000000000e+00
1.733000000000000000e+07 6.207000000000000000e+05 0.000000000000000000e+00
1.733000000000000000e+07 6.207000000000000000e+05 0.000000000000000000e+00
1.733000000000000000e+07 6.207000000000000000e+05 0.000000000000000000e+00
1.733000000000000000e+07 6.207000000000000000e+05 0.000000000000000000e+00
1.727000000000000000e+07 6.167000000000000000e+05 7.049582865604637191e+05
1.727000000000000000e+07 6.167000000000000000e+05 7.049582865604637191e+05
1.727000000000000000e+07 6.167000000000000000e+05 7.049582865604637191e+05
1.727000000000000000e+07 6.167000000000000000e+05 7.049582865604637191e+05
1.733000000000000000e+07 6.207000000000000000e+05 0.000000000000000000e+00
1.733000000000000000e+07 6.207000000000000000e+05 0.000000000000000000e+00
1.733000000000000000e+07 6.207000000000000000e+05 0.000000000000000000e+00
1.733000000000000000e+07 6.207000000000000000e+05 0.000000000000000000e+00
1.733000000000000000e+07 6.207000000000000000e+05 0.000000000000000000e+00
1.733000000000000000e+07 6.207000000000000000e+05 0.000000000000000000e+00
1.727000000000000000e+07 6.167000000000000000e+05 7.049582865604637191e+05
1.727000000000000000e+07 6.167000000000000000e+05 7.049582865604637191e+05
1.727000000000000000e+07 6.167000000000000000e+05 7.049582865604637191e+05
1.733000000000000000e+07 6.207000000000000000e+05 0.000000000000000000e+00
1.733000000000000000e+07 6.207000000000000000e+05 0.000000000000000000e+00
1.733000000000000000e+07 6.207000000000000000e+05 0.000000000000000000e+00
1.733000000000000000e+07 6.207000000000000000e+05 0.000000000000000000e+00
1.733000000000000000e+07 6.207000000000000000e+05 0.000000000000000000e+00
1.733000000000000000e+07 6.207000000000000000e+05 0.000000000000000000e+00
1.727000000000000000e+07 6.167000000000000000e+05 7.049582865604637191e+05
1.727000000000000000e+07 6.167000000000000000e+05 7.049582865604637191e+05
1.733000000000000000e+07 6.207000000000000000e+05 0.000000000000000000e+00
1.733000000000000000e+07 6.207000000000000000e+05 0.000000000000000000e+00
1.733000000000000000e+07 6.207000000000000000e+05 0.000000000000000000e+00
1.733000000000000000e+07 6.207000000000000000e+05 0.000000000000000000e+00
1.733000000000000000e+07 6.207000000000000000e+05 0.000000000000000000e+00
1.733000000000000000e+07 6.207000000000000000e+05 0.000000000000000000e+00
1.733000000000000000e+07 6.207000000000000000e+05 0.000000000000000000e+00
1.733000000000000000e+07 6.207000000000000000e+05 0.000000000000000000e+00
1.733000000000000000e+07 6.207000000000000000e+05 0.000000000000000000e+00
1.733000000000000000e+07 6.207000000000000000e+05 0.000000000000000000e+00
1.733000000000000000e+07 6.207000000000000000e+05 0.000000000000000000e+00
1.733000000000000000e+07 6.207000000000000000e+05 0.000000000000000000e+00
1.733000000000000000e+07 6.207000000000000000e+05 0.000000000000000000e+00
1.733000000000000000e+07 6.207000000000000000e+05 0.000000000000000000e+00
1.733000000000000000e+07 6.207000000000000000e+05 0.000000000000000000e+00
1.733000000000000000e+07 6.207000000000000000e+05 0.000000000000000000e+00
1.733000000000000000e+07 6.207000000000000000e+05 0.000000000000000000e+00
1.733000000000000000e+07 6.207000000000000000e+05 0.000000000000000000e+00
1.733000000000000000e+07 6.207000000000000000e+05 0.000000000000000000e+00
1.733000000000000000e+07 6.207000000000000000e+05 0.000000000000000000e+00
1.733000000000000000e+07 6.207000000000000000e+05 0.000000000000000000e+00
1.733000000000000000e+07 6.207000000000000000e+05 0.000000000000000000e+00
1.733000000000000000e+07 6.207000000000000000e+05 0.000000000000000000e+00
1.733000000000000000e+07 6.207000000000000000e+05 0.000000000000000000e+00
1.733000000000000000e+07 6.207000000000000000e+05 0.000000000000000000e+00
1.733000000000000000e+07 6.207000000000000000e+05 0.000000000000000000e+00
1.733000000000000000e+07 6.207000000000000000e+05 0.000000000000000000e+00
1.733000000000000000e+07 6.207000000000000000e+05 0.000000000000000000e+00
1.733000000000000000e+07 6.207000000000000000e+05 0.000000000000000000e+00
1.733000000000000000e+07 6.207000000000000000e+05 0.000000000000000000e+00
1.733000000000000000e+07 6.207000000000000000e+05 0.000000000000000000e+00
1.733000000000000000e+07 6.207000000000000000e+05 0.000000000000000000e+00
1.733000000000000000e+07 6.207000000000000000e+05 0.000000000000000000e+00
1.733000000000000000e+07 6.207000000000000000e+05 0.000000000000000000e+00
1.673000000000000000e+07 5.972000000000000000e+05 5.825110884197844192e+06
1.690000000000000000e+07 5.950000000000000000e+05 1.619419135904835910e+07
1.681000000000000000e+07 6.015000000000000000e+05 9.880891856827400625e+06
1.694000000000000000e+07 5.983000000000000000e+05 9.969621015704996884e+06
1.724000000000000000e+07 6.077000000000000000e+05 1.251212695625758916e+07
1.685000000000000000e+07 5.941000000000000000e+05 1.330465714248581603e+07
1.718000000000000000e+07 6.047000000000000000e+05 7.614494862395790406e+06
1.671000000000000000e+07 5.897000000000000000e+05 2.091598770628783107e+07
1.704000000000000000e+07 6.015000000000000000e+05 1.028971361209074594e+07
1.664000000000000000e+07 5.929000000000000000e+05 4.911091553158903494e+06