1.490000000000000000e+07 5.624000000000000000e+05 2.274152953485169411e+08
1.393000000000000000e+07 5.474000000000000000e+05 1.034687856740998387e+09
1.393000000000000000e+07 5.573000000000000000e+05 8.803755521816732883e+08
1.379000000000000000e+07 5.506000000000000000e+05 9.751944255366376638e+08
1.427000000000000000e+07 5.542000000000000000e+05 2.642686123005219698e+08
1.426000000000000000e+07 5.567000000000000000e+05 4.599532374676748514e+08
1.376000000000000000e+07 5.479000000000000000e+05 3.087154012035543919e+09
1.392000000000000000e+07 5.573000000000000000e+05 9.046282367180030346e+08
1.532000000000000000e+07 5.657000000000000000e+05 1.859775904183220863e+08
1.398000000000000000e+07 5.623000000000000000e+05 5.253513737550681829e+08
1.398000000000000000e+07 5.468000000000000000e+05 7.772185598162965775e+08
1.393000000000000000e+07 5.573000000000000000e+05 8.803755521816732883e+08