1.343000000000000000e+07 5.944000000000000000e+05 1.121094067282670736e+07
1.407000000000000000e+07 5.915000000000000000e+05 8.290337570299796760e+06
1.610000000000000000e+07 6.057000000000000000e+05 1.841513585123374127e+06
1.355000000000000000e+07 5.870000000000000000e+05 1.254186504101547599e+07
1.463000000000000000e+07 5.993000000000000000e+05 5.624734264098364860e+06
1.310000000000000000e+07 5.916000000000000000e+05 1.593918679730315506e+07
1.716000000000000000e+07 6.094000000000000000e+05 2.622480727927720873e+05
1.668000000000000000e+07 6.105000000000000000e+05 6.519450467452153098e+05
1.586000000000000000e+07 5.941000000000000000e+05 3.484883563040475827e+06
1.298000000000000000e+07 5.845000000000000000e+05 2.467400317000558972e+07
1.307000000000000000e+07 5.849000000000000000e+05 2.111767417419209331e+07
1.714000000000000000e+07 6.113000000000000000e+05 2.522595515641304373e+05
1.439000000000000000e+07 5.981000000000000000e+05 6.624537202223347500e+06
1.694000000000000000e+07 6.083000000000000000e+05 6.306310063390923897e+05
1.314000000000000000e+07 5.882000000000000000e+05 1.612259040319231339e+07
1.612000000000000000e+07 6.058000000000000000e+05 1.797572725262693595e+06
1.602000000000000000e+07 6.035000000000000000e+05 2.089694852323384956e+06
1.657000000000000000e+07 6.090000000000000000e+05 8.565242958715707064e+05
1.470000000000000000e+07 5.921000000000000000e+05 6.111592358125641011e+06
1.615000000000000000e+07 5.949000000000000000e+05 2.496867586774133146e+06
1.728000000000000000e+07 6.162000000000000000e+05 3.609966715082628798e+04
1.363000000000000000e+07 5.907000000000000000e+05 1.068726352616678737e+07
1.313000000000000000e+07 5.864000000000000000e+05 1.805719481702202186e+07
1.478000000000000000e+07 5.944000000000000000e+05 5.494368221569662914e+06
1.399000000000000000e+07 5.898000000000000000e+05 8.864090325417939574e+06
1.724000000000000000e+07 6.155000000000000000e+05 3.683740414629828592e+04
1.391000000000000000e+07 5.965000000000000000e+05 8.508927493171060458e+06
1.727000000000000000e+07 6.164000000000000000e+05 2.718481807302729794e+04
1.691000000000000000e+07 6.038000000000000000e+05 1.031971682226927718e+06
1.352000000000000000e+07 5.896000000000000000e+05 1.176163092405300215e+07
1.497000000000000000e+07 5.950000000000000000e+05 4.782646792427273467e+06
1.396000000000000000e+07 5.891000000000000000e+05 9.783181064645294100e+06
1.281000000000000000e+07 5.841000000000000000e+05 4.174349621780919284e+07
1.710000000000000000e+07 6.086000000000000000e+05 3.007305312606844236e+05
1.721000000000000000e+07 6.140000000000000000e+05 7.022844435393981985e+04
1.424000000000000000e+07 5.961000000000000000e+05 7.246300493841525167e+06
1.378000000000000000e+07 5.873000000000000000e+05 1.204403452198497392e+07
1.387000000000000000e+07 5.908000000000000000e+05 9.515570707144912332e+06
1.661000000000000000e+07 6.014000000000000000e+05 1.264074926250857767e+06
1.283000000000000000e+07 5.868000000000000000e+05 3.234712160210176557e+07
1.622000000000000000e+07 6.062000000000000000e+05 1.663558163685835898e+06
1.648000000000000000e+07 6.011000000000000000e+05 1.365962966096371878e+06
1.393000000000000000e+07 5.914000000000000000e+05 9.155165967681080103e+06
1.315000000000000000e+07 5.862000000000000000e+05 1.680784811311990023e+07
1.330000000000000000e+07 5.930000000000000000e+05 1.356233878287644312e+07
1.728000000000000000e+07 6.170000000000000000e+05 1.574796388704976744e+04
1.287000000000000000e+07 5.846000000000000000e+05 2.592299090565022826e+07
1.630000000000000000e+07 6.032000000000000000e+05 1.571421247761869570e+06
1.720000000000000000e+07 6.136000000000000000e+05 8.047859339190347237e+04
1.373000000000000000e+07 5.932000000000000000e+05 1.031588230478494801e+07
1.280000000000000000e+07 5.838000000000000000e+05 4.487095392490352690e+07
1.567000000000000000e+07 5.963000000000000000e+05 3.398768273168371525e+06
1.322000000000000000e+07 5.894000000000000000e+05 1.432501138978981413e+07
1.395000000000000000e+07 5.900000000000000000e+05 1.014388231045908481e+07
1.403000000000000000e+07 5.925000000000000000e+05 8.073233277861462906e+06
1.345000000000000000e+07 5.957000000000000000e+05 1.112407965882240050e+07
1.530000000000000000e+07 6.045000000000000000e+05 3.658313639090287499e+06
1.583000000000000000e+07 6.026000000000000000e+05 2.600984927176743746e+06
1.458000000000000000e+07 5.911000000000000000e+05 7.057073651135113090e+06
1.480000000000000000e+07 6.023000000000000000e+05 4.986063690739563666e+06
1.278000000000000000e+07 5.840000000000000000e+05 4.897097672719947994e+07
1.366000000000000000e+07 5.903000000000000000e+05 1.056905964805981144e+07
1.308000000000000000e+07 5.867000000000000000e+05 1.709731385082175583e+07
1.390000000000000000e+07 5.887000000000000000e+05 1.036876892697702721e+07
1.451000000000000000e+07 5.977000000000000000e+05 6.102136312131193466e+06
1.382000000000000000e+07 5.901000000000000000e+05 1.027449048015683144e+07
1.663000000000000000e+07 6.052000000000000000e+05 1.065101611762637040e+06
1.299000000000000000e+07 5.862000000000000000e+05 2.188643367438416928e+07
1.589000000000000000e+07 5.942000000000000000e+05 3.377820131027088035e+06
1.564000000000000000e+07 6.018000000000000000e+05 3.150576813138133381e+06
1.294000000000000000e+07 5.863000000000000000e+05 2.223877696063058823e+07
1.487000000000000000e+07 5.978000000000000000e+05 5.456497542382808402e+06
1.723000000000000000e+07 6.147000000000000000e+05 5.281999304119027511e+04
1.282000000000000000e+07 5.840000000000000000e+05 3.857906842282850295e+07
1.670000000000000000e+07 6.106000000000000000e+05 6.100872689220707398e+05
1.411000000000000000e+07 5.909000000000000000e+05 7.958086917683267035e+06
1.625000000000000000e+07 6.082000000000000000e+05 1.520421734696520027e+06
1.547000000000000000e+07 6.017000000000000000e+05 3.284198984290578403e+06
1.377000000000000000e+07 5.904000000000000000e+05 1.024129304145099781e+07
1.339000000000000000e+07 5.926000000000000000e+05 1.315592463400289789e+07
1.303000000000000000e+07 5.868000000000000000e+05 1.868377364666743577e+07
1.446000000000000000e+07 5.923000000000000000e+05 7.692503899431770667e+06
1.281000000000000000e+07 5.843000000000000000e+05 3.821460064727530628e+07
1.406000000000000000e+07 5.983000000000000000e+05 7.587374507476758212e+06
1.317000000000000000e+07 5.850000000000000000e+05 1.897373977283334360e+07
1.277000000000000000e+07 5.841000000000000000e+05 4.740214382564585656e+07
1.628000000000000000e+07 6.079000000000000000e+05 1.461048275254141074e+06
1.285000000000000000e+07 5.858000000000000000e+05 2.756143698923280835e+07
1.618000000000000000e+07 6.041000000000000000e+05 1.969886529410509858e+06
1.312000000000000000e+07 5.850000000000000000e+05 2.051095043165449426e+07
1.385000000000000000e+07 5.884000000000000000e+05 1.157983053823789209e+07
1.635000000000000000e+07 5.999000000000000000e+05 1.846333541639224160e+06
1.448000000000000000e+07 5.986000000000000000e+05 6.184565798240810633e+06
1.323000000000000000e+07 5.864000000000000000e+05 1.494454580635134690e+07
1.356000000000000000e+07 5.885000000000000000e+05 1.140814129369979165e+07
1.521000000000000000e+07 5.975000000000000000e+05 4.184615277966419701e+06
1.302000000000000000e+07 5.868000000000000000e+05 2.026723652359200269e+07
1.349000000000000000e+07 5.875000000000000000e+05 1.385934902493105456e+07
1.290000000000000000e+07 5.847000000000000000e+05 2.341070718725126982e+07
1.706000000000000000e+07 6.107000000000000000e+05 3.969004760767603875e+05
1.285000000000000000e+07 5.839000000000000000e+05 2.963669283163242042e+07
1.544000000000000000e+07 6.056000000000000000e+05 3.312962064828405622e+06
1.587000000000000000e+07 6.007000000000000000e+05 2.740821543984843418e+06
1.641000000000000000e+07 6.028000000000000000e+05 1.509941398345911410e+06
1.308000000000000000e+07 5.853000000000000000e+05 1.956212548244082183e+07
1.698000000000000000e+07 6.086000000000000000e+05 4.894587547886389657e+05
1.534000000000000000e+07 6.064000000000000000e+05 3.449218863777988590e+06
1.278000000000000000e+07 5.852000000000000000e+05 4.564569419455253333e+07
1.289000000000000000e+07 5.863000000000000000e+05 2.405953446144594997e+07
1.277000000000000000e+07 5.836000000000000000e+05 5.310537706184302270e+07
1.277000000000000000e+07 5.839000000000000000e+05 5.298178111146572977e+07
1.506000000000000000e+07 6.011000000000000000e+05 4.193678557674807496e+06
1.469000000000000000e+07 5.920000000000000000e+05 6.308169804579828866e+06
1.562000000000000000e+07 6.074000000000000000e+05 2.824960666931997985e+06
1.635000000000000000e+07 5.970000000000000000e+05 2.148192226351234131e+06
1.607000000000000000e+07 5.991000000000000000e+05 2.287612764096457511e+06
1.286000000000000000e+07 5.841000000000000000e+05 2.853412819115153700e+07
1.570000000000000000e+07 5.986000000000000000e+05 3.234751537712363992e+06
1.485000000000000000e+07 6.001000000000000000e+05 4.985880781907426193e+06
1.535000000000000000e+07 6.076000000000000000e+05 3.420755084480964113e+06
1.284000000000000000e+07 5.840000000000000000e+05 3.468585681081585586e+07
1.342000000000000000e+07 5.851000000000000000e+05 1.762371856597830355e+07
1.387000000000000000e+07 5.901000000000000000e+05 9.789176986614163965e+06
1.731000000000000000e+07 6.118000000000000000e+05 7.623629233271017438e+04
1.284000000000000000e+07 5.844000000000000000e+05 3.178186424457702786e+07
1.620000000000000000e+07 6.088000000000000000e+05 1.604971485640138155e+06
1.444000000000000000e+07 5.995000000000000000e+05 6.369001438609408215e+06
1.299000000000000000e+07 5.880000000000000000e+05 2.140149679158907384e+07
1.702000000000000000e+07 6.068000000000000000e+05 4.503331715720565990e+05
1.302000000000000000e+07 5.849000000000000000e+05 2.272234149235621840e+07
1.313000000000000000e+07 5.861000000000000000e+05 1.858333989538079128e+07
1.287000000000000000e+07 5.844000000000000000e+05 2.714679169651639462e+07
1.557000000000000000e+07 5.946000000000000000e+05 4.001514841051672120e+06
1.526000000000000000e+07 5.935000000000000000e+05 5.011754344901510514e+06
1.453000000000000000e+07 5.918000000000000000e+05 6.486408737984785810e+06
1.473000000000000000e+07 5.930000000000000000e+05 5.885242319756983779e+06
1.483000000000000000e+07 5.989000000000000000e+05 5.228322616000767797e+06
1.278000000000000000e+07 5.839000000000000000e+05 5.157164153557683527e+07
1.321000000000000000e+07 5.889000000000000000e+05 1.479557706547985412e+07
1.346000000000000000e+07 5.876000000000000000e+05 1.276375080504675582e+07
1.721000000000000000e+07 6.134000000000000000e+05 1.001131768900684692e+05
1.284000000000000000e+07 5.842000000000000000e+05 3.264545655476209894e+07
1.599000000000000000e+07 5.974000000000000000e+05 2.938147395536798984e+06
1.278000000000000000e+07 5.841000000000000000e+05 4.628324739597165585e+07
1.540000000000000000e+07 6.065000000000000000e+05 3.298702892914243508e+06
1.655000000000000000e+07 6.078000000000000000e+05 9.229459154763068072e+05
1.327000000000000000e+07 5.855000000000000000e+05 1.546740720332894102e+07
1.720000000000000000e+07 6.141000000000000000e+05 6.234362035377243592e+04
1.491000000000000000e+07 5.979000000000000000e+05 4.829827756671763025e+06
1.550000000000000000e+07 5.937000000000000000e+05 4.403074686605577357e+06
1.283000000000000000e+07 5.840000000000000000e+05 3.752023458308281004e+07
1.305000000000000000e+07 5.856000000000000000e+05 1.928460733024336025e+07
1.280000000000000000e+07 5.843000000000000000e+05 4.091331550473906100e+07
1.281000000000000000e+07 5.842000000000000000e+05 3.881013037428499758e+07
1.348000000000000000e+07 5.877000000000000000e+05 1.218822580583093129e+07
1.514000000000000000e+07 6.042000000000000000e+05 3.877049953120857477e+06
1.500000000000000000e+07 6.005000000000000000e+05 4.354402775174550712e+06
1.686000000000000000e+07 5.999000000000000000e+05 1.784721727583886590e+06
1.733000000000000000e+07 6.207000000000000000e+05 0.000000000000000000e+00
1.333000000000000000e+07 5.949000000000000000e+05 1.311427971709819324e+07
1.718000000000000000e+07 6.126000000000000000e+05 1.298013353504846891e+05
1.421000000000000000e+07 5.936000000000000000e+05 7.399778945953870192e+06
1.596000000000000000e+07 5.927000000000000000e+05 4.826090948008233681e+06
1.283000000000000000e+07 5.839000000000000000e+05 4.417548663109797239e+07
1.418000000000000000e+07 5.893000000000000000e+05 8.998245503898471594e+06
1.279000000000000000e+07 5.838000000000000000e+05 4.498054856277184188e+07
1.723000000000000000e+07 6.147000000000000000e+05 5.281999304119027511e+04
1.503000000000000000e+07 5.930000000000000000e+05 5.120407285716648214e+06
1.281000000000000000e+07 5.837000000000000000e+05 4.579724246489506960e+07
1.521000000000000000e+07 6.031000000000000000e+05 3.708065420736825559e+06
1.287000000000000000e+07 5.856000000000000000e+05 2.466886834729985893e+07
1.370000000000000000e+07 5.854000000000000000e+05 1.488224758259502053e+07
1.279000000000000000e+07 5.841000000000000000e+05 4.366160568107486516e+07
1.509000000000000000e+07 6.038000000000000000e+05 4.107751173394053709e+06
1.283000000000000000e+07 5.847000000000000000e+05 3.348873663847451285e+07
1.578000000000000000e+07 6.059000000000000000e+05 2.622152459709047806e+06
1.284000000000000000e+07 5.856000000000000000e+05 2.933828532537909225e+07
1.467000000000000000e+07 5.876000000000000000e+05 9.205202449881443754e+06
1.415000000000000000e+07 5.880000000000000000e+05 1.137644101068923250e+07
1.594000000000000000e+07 6.047000000000000000e+05 2.521442609845032915e+06
1.285000000000000000e+07 5.848000000000000000e+05 2.798879833177075535e+07
1.645000000000000000e+07 6.067000000000000000e+05 1.195118712637268007e+06
1.433000000000000000e+07 5.948000000000000000e+05 7.190174248930247501e+06
1.434000000000000000e+07 5.938000000000000000e+05 7.329288719215271063e+06
1.659000000000000000e+07 6.079000000000000000e+05 8.536887654089641292e+05
1.289000000000000000e+07 5.860000000000000000e+05 2.421482035186160728e+07
1.545000000000000000e+07 6.010000000000000000e+05 3.599575049973029178e+06
1.430000000000000000e+07 5.954000000000000000e+05 6.902840149002986029e+06
1.552000000000000000e+07 5.968000000000000000e+05 4.204833636754650623e+06
1.294000000000000000e+07 5.860000000000000000e+05 2.312136154201281443e+07
1.490000000000000000e+07 5.952000000000000000e+05 5.444929217982012779e+06
1.529000000000000000e+07 5.933000000000000000e+05 5.034633146707316861e+06
1.718000000000000000e+07 6.128000000000000000e+05 1.093639052769539267e+05
1.718000000000000000e+07 6.099000000000000000e+05 1.394509241512697481e+05
1.538000000000000000e+07 6.033000000000000000e+05 3.631574657714840025e+06
1.733000000000000000e+07 6.207000000000000000e+05 0.000000000000000000e+00
1.302000000000000000e+07 5.844000000000000000e+05 2.673676885463109612e+07
1.516000000000000000e+07 6.044000000000000000e+05 3.813399956833966542e+06
1.727000000000000000e+07 6.167000000000000000e+05 1.927234594817761172e+04
1.728000000000000000e+07 6.173000000000000000e+05 1.276659225210589102e+04