1.667000000000000000e+07 5.919000000000000000e+05 3.774675322167087346e+06
1.661000000000000000e+07 5.939000000000000000e+05 4.539753690660899505e+06
1.712000000000000000e+07 6.057000000000000000e+05 5.671897356847454794e+05
1.713000000000000000e+07 6.096000000000000000e+05 2.310440408079529006e+05
1.676000000000000000e+07 5.952000000000000000e+05 2.502487198339763563e+06
1.710000000000000000e+07 6.049000000000000000e+05 6.431428886542845285e+05
1.660000000000000000e+07 5.862000000000000000e+05 6.823795482621517032e+06
1.664000000000000000e+07 5.913000000000000000e+05 4.235361591736218892e+06
1.659000000000000000e+07 5.859000000000000000e+05 7.823926757414899766e+06
1.654000000000000000e+07 5.846000000000000000e+05 4.244901653588046879e+07
1.672000000000000000e+07 6.031000000000000000e+05 1.875324139357005712e+06
1.733000000000000000e+07 6.170000000000000000e+05 1.965482298609647478e+04
1.688000000000000000e+07 6.105000000000000000e+05 6.462821770618008450e+05
1.664000000000000000e+07 5.971000000000000000e+05 3.548143786277773790e+06
1.664000000000000000e+07 5.959000000000000000e+05 3.669526881014152430e+06
1.664000000000000000e+07 5.922000000000000000e+05 4.045285814442894422e+06
1.707000000000000000e+07 6.070000000000000000e+05 6.118867246681925608e+05
1.665000000000000000e+07 5.930000000000000000e+05 2.795127286822129041e+06
1.679000000000000000e+07 6.074000000000000000e+05 9.710295831918753684e+05
1.660000000000000000e+07 5.894000000000000000e+05 6.620458533262894489e+06
1.711000000000000000e+07 6.051000000000000000e+05 6.084110221192785539e+05
1.666000000000000000e+07 5.976000000000000000e+05 2.365790228629267775e+06
1.658000000000000000e+07 5.863000000000000000e+05 9.319024993315245956e+06
1.663000000000000000e+07 5.921000000000000000e+05 4.255763611938268878e+06
1.663000000000000000e+07 5.900000000000000000e+05 4.293320355807648040e+06
1.714000000000000000e+07 6.062000000000000000e+05 5.021323531973051722e+05
1.661000000000000000e+07 5.882000000000000000e+05 5.162129531941018999e+06
1.677000000000000000e+07 5.948000000000000000e+05 2.595875027297588997e+06
1.664000000000000000e+07 5.893000000000000000e+05 4.388654538852293976e+06
1.695000000000000000e+07 6.011000000000000000e+05 1.302489836924146628e+06
1.686000000000000000e+07 6.076000000000000000e+05 7.218754271146797109e+05
1.656000000000000000e+07 5.849000000000000000e+05 1.851865616086808965e+07
1.657000000000000000e+07 5.858000000000000000e+05 1.273355079330319166e+07
1.671000000000000000e+07 5.972000000000000000e+05 2.058119200246776454e+06
1.668000000000000000e+07 5.973000000000000000e+05 2.247307639947781339e+06
1.673000000000000000e+07 5.996000000000000000e+05 1.431386414339305367e+06
1.678000000000000000e+07 6.053000000000000000e+05 1.041892686006155331e+06
1.716000000000000000e+07 6.091000000000000000e+05 1.740110162632278807e+05
1.655000000000000000e+07 5.860000000000000000e+05 1.693045241363399103e+07
1.733000000000000000e+07 6.207000000000000000e+05 0.000000000000000000e+00
1.659000000000000000e+07 5.857000000000000000e+05 1.165936133515094593e+07
1.713000000000000000e+07 6.095000000000000000e+05 2.489469804156494793e+05
1.657000000000000000e+07 5.859000000000000000e+05 1.132667127060134709e+07
1.685000000000000000e+07 6.071000000000000000e+05 8.265029029335323721e+05
1.671000000000000000e+07 5.992000000000000000e+05 2.011319473386053462e+06
1.688000000000000000e+07 6.085000000000000000e+05 6.641635118899245281e+05
1.714000000000000000e+07 6.116000000000000000e+05 1.936971289142544847e+05
1.659000000000000000e+07 5.906000000000000000e+05 7.298067439713843167e+06
1.674000000000000000e+07 5.982000000000000000e+05 1.646258367390919477e+06
1.658000000000000000e+07 5.854000000000000000e+05 1.357363712951420434e+07
1.719000000000000000e+07 6.129000000000000000e+05 1.047168209883012314e+05
1.661000000000000000e+07 5.885000000000000000e+05 4.962179778310758062e+06
1.712000000000000000e+07 6.065000000000000000e+05 3.837947667300810572e+05
1.685000000000000000e+07 6.032000000000000000e+05 9.727660006922353059e+05
1.655000000000000000e+07 5.862000000000000000e+05 1.629798089670094289e+07
1.686000000000000000e+07 6.030000000000000000e+05 1.185751340261292411e+06
1.679000000000000000e+07 6.073000000000000000e+05 1.009868852751834318e+06
1.684000000000000000e+07 6.035000000000000000e+05 1.431266621203335468e+06
1.656000000000000000e+07 5.878000000000000000e+05 1.277827893668018654e+07
1.657000000000000000e+07 5.857000000000000000e+05 1.435187924054570496e+07
1.711000000000000000e+07 6.051000000000000000e+05 6.084110221192785539e+05
1.680000000000000000e+07 5.944000000000000000e+05 2.383574946963522118e+06
1.656000000000000000e+07 5.853000000000000000e+05 1.542136482078264654e+07
1.672000000000000000e+07 5.981000000000000000e+05 2.003932691594924778e+06
1.666000000000000000e+07 5.949000000000000000e+05 2.575549955660844687e+06
1.733000000000000000e+07 6.207000000000000000e+05 0.000000000000000000e+00
1.656000000000000000e+07 5.868000000000000000e+05 1.352568523409030214e+07
1.665000000000000000e+07 5.927000000000000000e+05 3.224137082461874932e+06
1.684000000000000000e+07 6.046000000000000000e+05 9.090113000865941867e+05
1.722000000000000000e+07 6.085000000000000000e+05 2.951519098722735653e+05
1.733000000000000000e+07 6.207000000000000000e+05 0.000000000000000000e+00
1.721000000000000000e+07 6.125000000000000000e+05 9.182289721375034424e+04
1.721000000000000000e+07 6.142000000000000000e+05 6.678923868027565186e+04
1.669000000000000000e+07 5.926000000000000000e+05 3.172814808916550595e+06
1.673000000000000000e+07 5.980000000000000000e+05 1.964761436686423374e+06
1.695000000000000000e+07 6.010000000000000000e+05 1.315727070278848289e+06
1.678000000000000000e+07 6.042000000000000000e+05 1.213380938845107332e+06
1.689000000000000000e+07 6.106000000000000000e+05 6.290035189706047531e+05
1.683000000000000000e+07 6.037000000000000000e+05 1.265901001897808630e+06
1.658000000000000000e+07 5.861000000000000000e+05 1.060390439406546578e+07
1.656000000000000000e+07 5.858000000000000000e+05 1.537815354428163171e+07
1.659000000000000000e+07 5.910000000000000000e+05 6.525363761456280015e+06
1.701000000000000000e+07 6.024000000000000000e+05 8.260840588956924621e+05
1.655000000000000000e+07 5.846000000000000000e+05 2.751332748886894807e+07
1.714000000000000000e+07 6.116000000000000000e+05 1.936971289142544847e+05
1.733000000000000000e+07 6.207000000000000000e+05 0.000000000000000000e+00
1.661000000000000000e+07 5.881000000000000000e+05 5.224409474333243445e+06
1.714000000000000000e+07 6.063000000000000000e+05 4.997871767189769307e+05
1.718000000000000000e+07 6.127000000000000000e+05 1.167326595808337297e+05
1.664000000000000000e+07 5.971000000000000000e+05 3.548143786277773790e+06
1.706000000000000000e+07 6.089000000000000000e+05 5.451935521741133416e+05
1.689000000000000000e+07 6.106000000000000000e+05 6.290035189706047531e+05
1.733000000000000000e+07 6.207000000000000000e+05 0.000000000000000000e+00
1.655000000000000000e+07 5.851000000000000000e+05 2.040248293819257617e+07
1.669000000000000000e+07 5.956000000000000000e+05 2.474643014622834511e+06
1.662000000000000000e+07 5.895000000000000000e+05 4.385185608712460846e+06
1.662000000000000000e+07 5.937000000000000000e+05 3.790237697186708916e+06
1.664000000000000000e+07 5.972000000000000000e+05 3.498955123805575073e+06
1.658000000000000000e+07 5.885000000000000000e+05 9.033315712663428858e+06
1.712000000000000000e+07 6.019000000000000000e+05 6.417181126797681209e+05