1.275000000000000000e+07 5.839000000000000000e+05 4.200903065660092235e+07
1.276000000000000000e+07 5.835000000000000000e+05 3.995710534070829302e+07
1.277000000000000000e+07 5.836000000000000000e+05 3.680956865923879296e+07
1.278000000000000000e+07 5.835000000000000000e+05 3.846766969941245019e+07
1.277000000000000000e+07 5.841000000000000000e+05 3.649089098710447550e+07
1.275000000000000000e+07 5.835000000000000000e+05 4.342065116588494927e+07
1.278000000000000000e+07 5.834000000000000000e+05 4.156903446931646019e+07
1.280000000000000000e+07 5.842000000000000000e+05 3.164947537087151408e+07
1.486000000000000000e+07 5.956000000000000000e+05 5.062624618374990299e+06
1.338000000000000000e+07 5.844000000000000000e+05 1.669193456118235923e+07
1.688000000000000000e+07 6.003000000000000000e+05 9.615746485888166353e+05
1.335000000000000000e+07 5.918000000000000000e+05 1.176823254543272033e+07
1.325000000000000000e+07 5.874000000000000000e+05 1.299529697259339504e+07
1.466000000000000000e+07 6.030000000000000000e+05 5.620042812380220741e+06
1.282000000000000000e+07 5.841000000000000000e+05 2.975070756013576686e+07
1.330000000000000000e+07 5.856000000000000000e+05 1.567011548847779259e+07
1.301000000000000000e+07 5.871000000000000000e+05 1.711747159707865864e+07
1.707000000000000000e+07 6.100000000000000000e+05 3.484052649137265980e+05
1.695000000000000000e+07 6.095000000000000000e+05 5.980646675019190880e+05
1.475000000000000000e+07 5.926000000000000000e+05 5.584281730154411867e+06
1.702000000000000000e+07 6.091000000000000000e+05 4.522683953523291275e+05
1.340000000000000000e+07 5.885000000000000000e+05 1.199996728862154670e+07
1.299000000000000000e+07 5.860000000000000000e+05 1.822902352128990367e+07
1.276000000000000000e+07 5.838000000000000000e+05 3.921197146490907669e+07
1.646000000000000000e+07 5.951000000000000000e+05 1.666926135574857704e+06
1.712000000000000000e+07 6.114000000000000000e+05 1.946081700306082494e+05
1.281000000000000000e+07 5.840000000000000000e+05 3.093168200803362578e+07
1.303000000000000000e+07 5.853000000000000000e+05 1.770587290262335539e+07
1.405000000000000000e+07 5.866000000000000000e+05 9.613203954397274181e+06
1.284000000000000000e+07 5.840000000000000000e+05 2.718529030436652899e+07
1.369000000000000000e+07 5.895000000000000000e+05 9.752346588714815676e+06
1.279000000000000000e+07 5.836000000000000000e+05 3.496067636912145466e+07
1.489000000000000000e+07 5.923000000000000000e+05 5.256733691439723596e+06
1.600000000000000000e+07 5.969000000000000000e+05 2.378351574190353975e+06
1.281000000000000000e+07 5.837000000000000000e+05 3.175402461944320798e+07
1.289000000000000000e+07 5.849000000000000000e+05 2.243464044742313772e+07
1.494000000000000000e+07 5.960000000000000000e+05 4.842692445754818618e+06
1.286000000000000000e+07 5.842000000000000000e+05 2.473308945356079936e+07
1.594000000000000000e+07 5.982000000000000000e+05 2.829712583076141775e+06
1.295000000000000000e+07 5.849000000000000000e+05 2.045302936793965101e+07
1.285000000000000000e+07 5.840000000000000000e+05 2.636848613479169458e+07
1.662000000000000000e+07 6.080000000000000000e+05 7.750605433262359584e+05
1.717000000000000000e+07 6.110000000000000000e+05 1.042625589006212249e+05
1.728000000000000000e+07 6.173000000000000000e+05 1.275006755790387251e+04
1.279000000000000000e+07 5.840000000000000000e+05 3.294665408866868913e+07
1.726000000000000000e+07 6.162000000000000000e+05 2.450390574746757557e+04
1.721000000000000000e+07 6.145000000000000000e+05 5.267494933125045645e+04
1.287000000000000000e+07 5.841000000000000000e+05 2.400609694821578264e+07
1.616000000000000000e+07 6.000000000000000000e+05 2.039220547780904220e+06
1.286000000000000000e+07 5.841000000000000000e+05 2.521865811751203984e+07
1.416000000000000000e+07 5.865000000000000000e+05 1.107183506951603852e+07
1.390000000000000000e+07 5.910000000000000000e+05 8.764969670414585620e+06
1.461000000000000000e+07 5.906000000000000000e+05 5.969045799929298460e+06
1.287000000000000000e+07 5.860000000000000000e+05 2.285442777767675743e+07
1.411000000000000000e+07 5.867000000000000000e+05 9.401323189604030922e+06
1.501000000000000000e+07 6.019000000000000000e+05 4.571682810118722729e+06
1.282000000000000000e+07 5.843000000000000000e+05 2.902716953447757661e+07
1.392000000000000000e+07 5.966000000000000000e+05 8.190529780427761376e+06
1.357000000000000000e+07 5.911000000000000000e+05 1.057154196331736818e+07
1.574000000000000000e+07 6.065000000000000000e+05 2.604597827163162641e+06
1.417000000000000000e+07 5.987000000000000000e+05 7.374891618745425716e+06
1.657000000000000000e+07 6.063000000000000000e+05 8.632903156559604686e+05
1.327000000000000000e+07 5.892000000000000000e+05 1.267770715824065730e+07
1.642000000000000000e+07 6.058000000000000000e+05 1.258128695741163567e+06
1.631000000000000000e+07 6.048000000000000000e+05 1.389478373515021522e+06
1.382000000000000000e+07 5.934000000000000000e+05 9.106673262451611459e+06
1.580000000000000000e+07 6.051000000000000000e+05 2.458665902485913597e+06
1.304000000000000000e+07 5.857000000000000000e+05 1.645277347206590697e+07
1.565000000000000000e+07 6.023000000000000000e+05 3.020916085526592098e+06
1.293000000000000000e+07 5.862000000000000000e+05 1.992326397564291582e+07
1.721000000000000000e+07 6.119000000000000000e+05 5.837194183070299187e+04
1.415000000000000000e+07 5.917000000000000000e+05 7.638845593988228589e+06
1.362000000000000000e+07 5.878000000000000000e+05 1.033217461105383933e+07
1.554000000000000000e+07 5.999000000000000000e+05 3.083245771261719055e+06
1.397000000000000000e+07 5.930000000000000000e+05 8.002704065312368795e+06
1.309000000000000000e+07 5.877000000000000000e+05 1.540082408652474917e+07
1.280000000000000000e+07 5.837000000000000000e+05 3.241471570367354155e+07
1.283000000000000000e+07 5.839000000000000000e+05 2.842390216655826569e+07
1.590000000000000000e+07 6.040000000000000000e+05 2.287489854115108028e+06
1.533000000000000000e+07 6.046000000000000000e+05 3.476306006711979862e+06
1.507000000000000000e+07 5.985000000000000000e+05 4.419662746686930768e+06
1.348000000000000000e+07 5.859000000000000000e+05 1.512223675721517950e+07
1.424000000000000000e+07 5.970000000000000000e+05 7.240871284832713194e+06
1.374000000000000000e+07 5.892000000000000000e+05 1.007722271827550419e+07
1.421000000000000000e+07 5.964000000000000000e+05 7.421222559775397182e+06
1.281000000000000000e+07 5.836000000000000000e+05 3.436622872957675159e+07
1.560000000000000000e+07 6.067000000000000000e+05 2.889340293541508727e+06
1.314000000000000000e+07 5.842000000000000000e+05 2.368472997400271147e+07
1.620000000000000000e+07 5.977000000000000000e+05 1.949955436065030517e+06
1.303000000000000000e+07 5.843000000000000000e+05 2.124782459193997830e+07
1.361000000000000000e+07 5.875000000000000000e+05 1.071737812897053175e+07
1.441000000000000000e+07 5.939000000000000000e+05 6.430137563415842131e+06
1.322000000000000000e+07 5.868000000000000000e+05 1.405701651415754110e+07
1.666000000000000000e+07 6.070000000000000000e+05 7.102040340165065136e+05
1.496000000000000000e+07 5.996000000000000000e+05 4.610395183793172240e+06
1.702000000000000000e+07 6.089000000000000000e+05 5.119595415257869172e+05
1.459000000000000000e+07 5.889000000000000000e+05 7.109208957535161637e+06
1.548000000000000000e+07 5.991000000000000000e+05 3.420043111523165368e+06
1.313000000000000000e+07 5.869000000000000000e+05 1.571537550942963734e+07
1.289000000000000000e+07 5.850000000000000000e+05 2.195812350983311236e+07
1.305000000000000000e+07 5.852000000000000000e+05 1.759964841700620577e+07
1.275000000000000000e+07 5.837000000000000000e+05 4.338673763572882116e+07
1.527000000000000000e+07 5.904000000000000000e+05 5.778584277208810672e+06
1.318000000000000000e+07 5.901000000000000000e+05 1.342828715211731568e+07
1.639000000000000000e+07 6.005000000000000000e+05 1.439115898714370560e+06
1.316000000000000000e+07 5.898000000000000000e+05 1.379461278477546573e+07
1.552000000000000000e+07 5.928000000000000000e+05 4.197678616902012378e+06
1.432000000000000000e+07 5.940000000000000000e+05 6.952894183626296930e+06
1.387000000000000000e+07 5.929000000000000000e+05 8.631485467007538304e+06
1.296000000000000000e+07 5.882000000000000000e+05 1.891562420140253007e+07
1.636000000000000000e+07 5.994000000000000000e+05 1.614901644626868423e+06
1.723000000000000000e+07 6.128000000000000000e+05 3.490100993100323103e+04
1.284000000000000000e+07 5.846000000000000000e+05 2.671695450631713867e+07
1.428000000000000000e+07 5.965000000000000000e+05 7.056172252560615540e+06
1.733000000000000000e+07 6.179000000000000000e+05 4.200000000000000000e+03
1.537000000000000000e+07 6.045000000000000000e+05 3.342174533377162647e+06
1.279000000000000000e+07 5.837000000000000000e+05 3.335176672635470331e+07
1.277000000000000000e+07 5.834000000000000000e+05 4.230416008020491153e+07
1.379000000000000000e+07 5.959000000000000000e+05 8.967147983718326315e+06
1.724000000000000000e+07 6.156000000000000000e+05 3.023128095446225052e+04
1.540000000000000000e+07 5.995000000000000000e+05 3.681808040415103082e+06
1.527000000000000000e+07 5.950000000000000000e+05 4.712007212249149568e+06
1.490000000000000000e+07 5.974000000000000000e+05 4.842351143326915801e+06
1.733000000000000000e+07 6.207000000000000000e+05 0.000000000000000000e+00
1.648000000000000000e+07 6.072000000000000000e+05 1.040002572490839986e+06
1.699000000000000000e+07 6.053000000000000000e+05 6.264336741314937826e+05
1.306000000000000000e+07 5.864000000000000000e+05 1.580015618470448256e+07
1.608000000000000000e+07 6.086000000000000000e+05 1.853810909660093486e+06
1.535000000000000000e+07 6.021000000000000000e+05 3.581247379849260207e+06
1.274000000000000000e+07 5.836000000000000000e+05 4.586088593265332282e+07
1.577000000000000000e+07 6.033000000000000000e+05 2.707981614396841265e+06
1.298000000000000000e+07 5.867000000000000000e+05 1.847487073192042485e+07
1.726000000000000000e+07 6.162000000000000000e+05 2.450390574746757557e+04
1.519000000000000000e+07 5.980000000000000000e+05 3.899476103324561380e+06
1.482000000000000000e+07 5.917000000000000000e+05 5.862751243818797171e+06
1.545000000000000000e+07 6.038000000000000000e+05 3.222971560670732521e+06
1.703000000000000000e+07 6.106000000000000000e+05 3.845309640245669871e+05
1.524000000000000000e+07 6.002000000000000000e+05 3.845015014524508733e+06
1.540000000000000000e+07 6.044000000000000000e+05 3.387403119661269709e+06
1.302000000000000000e+07 5.897000000000000000e+05 1.704960527253789827e+07
1.732000000000000000e+07 6.133000000000000000e+05 3.027957465500300168e+04
1.446000000000000000e+07 5.947000000000000000e+05 6.211194930129730143e+06
1.278000000000000000e+07 5.837000000000000000e+05 3.516052747225933522e+07
1.478000000000000000e+07 5.973000000000000000e+05 5.425557485485362820e+06
1.513000000000000000e+07 6.012000000000000000e+05 3.960505188343496993e+06
1.291000000000000000e+07 5.892000000000000000e+05 2.090363604326954111e+07
1.667000000000000000e+07 6.105000000000000000e+05 6.655374640971762128e+05
1.650000000000000000e+07 6.017000000000000000e+05 1.174720108414763818e+06
1.607000000000000000e+07 6.014000000000000000e+05 1.951009114234876819e+06
1.721000000000000000e+07 6.147000000000000000e+05 4.900700571833826689e+04
1.622000000000000000e+07 6.057000000000000000e+05 1.568437739419172052e+06
1.438000000000000000e+07 5.937000000000000000e+05 6.745090258589935489e+06
1.683000000000000000e+07 6.004000000000000000e+05 1.152225830945746507e+06
1.283000000000000000e+07 5.847000000000000000e+05 2.837610986988171563e+07
1.322000000000000000e+07 5.867000000000000000e+05 1.454684232424745895e+07
1.643000000000000000e+07 6.015000000000000000e+05 1.181866715909944382e+06
1.588000000000000000e+07 6.012000000000000000e+05 2.518508714025769848e+06
1.352000000000000000e+07 5.884000000000000000e+05 1.143563736021536402e+07
1.719000000000000000e+07 6.137000000000000000e+05 7.321191036607064598e+04
1.309000000000000000e+07 5.879000000000000000e+05 1.527360333305328526e+07
1.346000000000000000e+07 5.943000000000000000e+05 1.082476856613926589e+07
1.654000000000000000e+07 6.059000000000000000e+05 9.733848505579811754e+05
1.510000000000000000e+07 6.010000000000000000e+05 4.147907411320894491e+06
1.728000000000000000e+07 6.173000000000000000e+05 1.275006755790387251e+04
1.469000000000000000e+07 5.896000000000000000e+05 6.540276159058961086e+06
1.716000000000000000e+07 6.101000000000000000e+05 2.451738136828200368e+05
1.402000000000000000e+07 5.922000000000000000e+05 8.363883136505542323e+06
1.716000000000000000e+07 6.121000000000000000e+05 1.583530579741515103e+05
1.430000000000000000e+07 5.952000000000000000e+05 7.487949821392258629e+06
1.287000000000000000e+07 5.858000000000000000e+05 2.349374265448879823e+07
1.500000000000000000e+07 5.978000000000000000e+05 4.648043930729791522e+06
1.562000000000000000e+07 5.901000000000000000e+05 4.972824406678537838e+06
1.597000000000000000e+07 6.084000000000000000e+05 2.093329240247649606e+06
1.626000000000000000e+07 6.049000000000000000e+05 1.482537082988300826e+06
1.378000000000000000e+07 5.947000000000000000e+05 9.019874493722034618e+06
1.463000000000000000e+07 5.954000000000000000e+05 5.733723986440307461e+06
1.406000000000000000e+07 5.903000000000000000e+05 7.998694399508188479e+06
1.364000000000000000e+07 5.859000000000000000e+05 1.329938037656559795e+07
1.526000000000000000e+07 5.943000000000000000e+05 4.997113802550200373e+06
1.693000000000000000e+07 6.007000000000000000e+05 7.608970392066452187e+05
1.324000000000000000e+07 5.845000000000000000e+05 1.921526543216415122e+07
1.733000000000000000e+07 6.207000000000000000e+05 0.000000000000000000e+00
1.354000000000000000e+07 5.863000000000000000e+05 1.357536052935333550e+07
1.389000000000000000e+07 5.911000000000000000e+05 8.794322293413452804e+06
1.571000000000000000e+07 5.894000000000000000e+05 5.364017863186228089e+06
1.733000000000000000e+07 6.179000000000000000e+05 4.200000000000000000e+03
1.668000000000000000e+07 6.077000000000000000e+05 6.372398166933108587e+05
1.633000000000000000e+07 6.054000000000000000e+05 1.340704043183043133e+06
1.303000000000000000e+07 5.852000000000000000e+05 1.803938448484525084e+07
1.393000000000000000e+07 5.889000000000000000e+05 8.453648854967135936e+06
1.604000000000000000e+07 6.004000000000000000e+05 2.262530092764151283e+06
1.285000000000000000e+07 5.838000000000000000e+05 3.045426535853833333e+07
1.454000000000000000e+07 5.946000000000000000e+05 6.147806823575311340e+06
1.333000000000000000e+07 5.882000000000000000e+05 1.241450721189765446e+07
1.474000000000000000e+07 5.904000000000000000e+05 6.097975340406453237e+06
1.611000000000000000e+07 6.075000000000000000e+05 1.794737372791446047e+06
1.338000000000000000e+07 5.866000000000000000e+05 1.481534351430247352e+07
1.727000000000000000e+07 6.168000000000000000e+05 1.684075649806657748e+04
1.450000000000000000e+07 5.906000000000000000e+05 7.994516846839515492e+06
1.293000000000000000e+07 5.840000000000000000e+05 2.586150497313771397e+07