1	19.6	2.83E+00	3.31E+00	4.84E+00	2.98E+00	2.45E+00
2	64.4	2.63E+00	1.65E+00	2.32E+00	2.09E+00	1.12E+00
3	88.3	2.45E+00	2.51E+00	3.72E+00	2.57E+00	1.51E+00
4	78.9	2.28E+00	2.16E+00	2.03E+00	1.02E+00	1.13E+00
5	36.4	2.12E+00	2.54E+00	3.29E+00	4.92E+00	2.89E+00
6	15.2	2.00E+00	2.25E+00	1.29E+00	8.84E-01	7.01E-01
7	14	1.93E+00	1.03E+00	1.39E+00	1.89E+00	1.98E+00
8	14.7	1.88E+00	2.01E+00	2.61E+00	3.48E+00	4.83E+00
9	17.3	1.82E+00	1.49E+00	1.63E+00	1.49E+00	1.75E+00
10	24.9	1.80E+00	1.67E+00	2.18E+00	1.42E+00	1.90E+00
11	47.6	1.77E+00	1.88E+00	1.26E+00	9.89E-01	8.63E-01
12	100	1.74E+00	2.57E+00	3.50E+00	4.64E+00	6.25E+00
13	64.4	1.71E+00	1.01E+00	5.51E-01	7.45E-01	6.02E-01
14	36.6	1.67E+00	9.78E-01	9.26E-01	6.25E-01	5.43E-01
15	69.7	1.62E+00	1.56E+00	1.70E+00	1.92E+00	9.89E-01
16	59.1	1.57E+00	1.41E+00	1.42E+00	9.71E-01	8.03E-01
17	48	1.52E+00	1.22E+00	7.98E-01	9.22E-01	8.47E-01
18	28.7	1.46E+00	8.10E-01	4.86E-01	3.10E-01	2.32E-01
19	26.1	1.40E+00	1.59E+00	1.88E+00	1.19E+00	6.80E-01
20	30.3	1.34E+00	1.65E+00	8.46E-01	9.12E-01	7.18E-01
21	33.2	1.27E+00	1.77E+00	1.59E+00	1.76E+00	2.15E+00
22	34.8	1.21E+00	1.39E+00	1.75E+00	1.63E+00	1.45E+00
23	43.3	1.15E+00	1.24E+00	1.06E+00	1.27E+00	9.33E-01
24	55	1.09E+00	5.62E-01	5.77E-01	7.38E-01	8.56E-01
25	15.8	1.03E+00	6.32E-01	7.74E-01	8.16E-01	9.92E-01
26	0	9.70E-01	8.29E-01	9.89E-01	1.32E+00	1.82E+00
27	0	9.14E-01	9.50E-01	9.09E-01	1.27E+00	1.57E+00
28	0	9.04E-01	6.10E-01	6.26E-01	9.24E-01	9.11E-01
29	41.8	8.93E-01	6.63E-01	9.12E-01	1.19E+00	1.19E+00
30	60	8.80E-01	1.07E+00	6.51E-01	7.32E-01	5.62E-01
31	44.8	8.64E-01	8.20E-01	8.19E-01	9.01E-01	1.06E+00
32	34.3	8.46E-01	9.67E-01	1.45E+00	1.33E+00	1.96E+00
33	26.5	8.26E-01	1.22E+00	1.26E+00	9.92E-01	5.85E-01
34	25.1	8.03E-01	9.60E-01	6.62E-01	8.17E-01	1.08E+00
35	24.3	7.79E-01	7.12E-01	9.99E-01	6.99E-01	7.64E-01
36	26.2	7.53E-01	1.01E+00	6.17E-01	3.12E-01	3.08E-01
37	27	7.37E-01	3.94E-01	5.63E-01	8.25E-01	9.87E-01
38	26.4	7.57E-01	5.75E-01	8.05E-01	1.15E+00	1.44E+00
39	26.2	7.97E-01	5.56E-01	4.27E-01	4.39E-01	5.40E-01
40	28.3	8.48E-01	9.12E-01	9.56E-01	8.24E-01	4.61E-01
41	27.6	9.05E-01	5.95E-01	7.08E-01	9.23E-01	8.78E-01
42	26.4	9.77E-01	5.15E-01	5.26E-01	5.34E-01	7.73E-01
43	23.2	1.09E+00	6.39E-01	3.81E-01	2.72E-01	2.09E-01
44	18.8	1.19E+00	7.72E-01	9.59E-01	7.38E-01	9.16E-01
45	20.7	1.27E+00	1.01E+00	9.62E-01	1.04E+00	1.08E+00
46	26.7	1.34E+00	1.65E+00	2.02E+00	2.85E+00	1.80E+00
47	28.4	1.40E+00	1.74E+00	1.84E+00	2.14E+00	2.43E+00
48	29.8	1.45E+00	1.05E+00	7.06E-01	8.39E-01	5.88E-01
49	30.5	1.54E+00	1.47E+00	1.43E+00	1.31E+00	1.52E+00
50	26.5	1.61E+00	2.09E+00	3.08E+00	3.83E+00	2.27E+00
51	24.2	1.67E+00	1.33E+00	9.40E-01	9.55E-01	7.12E-01
52	19.8	1.71E+00	1.47E+00	1.92E+00	1.45E+00	1.81E+00
53	16.4	1.73E+00	2.55E+00	3.64E+00	3.75E+00	5.12E+00
54	16	1.73E+00	1.03E+00	1.53E+00	1.66E+00	1.36E+00
55	6.29	1.95E+00	1.32E+00	1.64E+00	1.79E+00	1.95E+00
56	0	2.08E+00	1.35E+00	1.70E+00	1.56E+00	8.72E-01
57	0	2.21E+00	2.54E+00	2.22E+00	2.44E+00	2.70E+00
58	0	2.56E+00	3.19E+00	1.93E+00	2.03E+00	1.12E+00
59	0	3.02E+00	1.78E+00	1.69E+00	2.46E+00	3.43E+00
60	0	3.31E+00	1.90E+00	1.40E+00	1.35E+00	1.87E+00
61	0	3.50E+00	3.05E+00	4.18E+00	4.87E+00	3.17E+00
62	29.7	3.64E+00	2.64E+00	2.81E+00	1.53E+00	1.91E+00
63	91.3	3.78E+00	4.72E+00	5.39E+00	5.00E+00	4.93E+00
64	145	3.91E+00	4.75E+00	6.77E+00	4.33E+00	6.20E+00
65	98.5	4.02E+00	4.59E+00	6.30E+00	6.79E+00	6.88E+00
66	96.3	4.12E+00	5.68E+00	5.59E+00	4.50E+00	2.87E+00
67	99.8	4.20E+00	2.52E+00	3.77E+00	4.25E+00	5.05E+00
68	101	4.25E+00	6.17E+00	5.48E+00	7.54E+00	7.03E+00
69	102	4.27E+00	3.82E+00	5.34E+00	4.07E+00	3.50E+00
70	105	4.26E+00	3.99E+00	4.74E+00	3.15E+00	2.91E+00
71	90	4.24E+00	2.77E+00	2.51E+00	2.98E+00	4.32E+00
72	103	4.19E+00	2.39E+00	2.07E+00	2.23E+00	1.87E+00
73	95.3	4.13E+00	2.36E+00	1.28E+00	6.42E-01	9.34E-01
74	107	4.05E+00	5.00E+00	3.13E+00	2.20E+00	1.23E+00
75	107	3.96E+00	2.65E+00	2.28E+00	2.26E+00	2.76E+00
76	106	3.87E+00	4.53E+00	2.55E+00	1.43E+00	1.06E+00
77	102	3.98E+00	2.75E+00	2.07E+00	2.68E+00	3.50E+00
78	95.8	4.18E+00	4.42E+00	5.81E+00	3.33E+00	2.07E+00
79	94.4	4.43E+00	2.42E+00	2.90E+00	3.08E+00	4.08E+00
80	99.2	4.72E+00	5.85E+00	8.25E+00	8.70E+00	9.49E+00
81	105	5.03E+00	7.45E+00	1.01E+01	1.18E+01	1.49E+01
82	91.8	5.35E+00	3.52E+00	4.28E+00	5.17E+00	5.39E+00
83	99	5.68E+00	8.16E+00	7.20E+00	1.05E+01	9.80E+00
84	85.3	6.00E+00	8.85E+00	6.41E+00	7.98E+00	4.41E+00
85	78.3	6.29E+00	4.36E+00	4.76E+00	2.61E+00	2.01E+00
86	80	6.55E+00	5.72E+00	6.09E+00	6.86E+00	7.30E+00
87	88.6	5.28E+01	4.10E+01	3.12E+01	2.66E+01	2.13E+01
88	104	5.82E+01	8.55E+01	5.13E+01	5.06E+01	6.58E+01
89	80.3	4.87E+01	6.21E+01	6.54E+01	4.64E+01	2.79E+01
90	57	4.12E+01	6.09E+01	7.98E+01	6.70E+01	9.89E+01
91	3.28	3.72E+01	3.74E+01	5.34E+01	2.68E+01	2.16E+01
92	24.2	3.54E+01	2.57E+01	1.66E+01	2.31E+01	3.08E+01
93	24.7	3.52E+01	4.89E+01	4.42E+01	4.81E+01	6.81E+01
94	24.7	3.58E+01	2.28E+01	1.19E+01	1.55E+01	1.45E+01
95	24.2	3.65E+01	3.64E+01	2.30E+01	3.05E+01	2.89E+01
96	23.7	3.72E+01	4.51E+01	6.02E+01	8.12E+01	8.41E+01
97	9.86	3.77E+01	3.53E+01	3.86E+01	4.17E+01	5.01E+01
98	0	3.75E+01	3.54E+01	4.59E+01	4.86E+01	5.99E+01
99	0	3.69E+01	5.41E+01	4.23E+01	3.16E+01	3.08E+01
100	0	3.79E+01	4.82E+01	2.62E+01	2.50E+01	2.85E+01
101	0	3.85E+01	2.62E+01	2.41E+01	2.70E+01	2.61E+01
102	0	3.87E+01	5.77E+01	3.01E+01	2.14E+01	2.76E+01
103	0	3.70E+01	2.90E+01	3.00E+01	1.98E+01	1.87E+01
104	0	3.56E+01	2.29E+01	2.74E+01	3.75E+01	4.94E+01
105	14.8	3.47E+01	2.71E+01	3.88E+01	2.91E+01	4.29E+01
106	17.5	3.60E+01	2.27E+01	3.35E+01	2.54E+01	2.15E+01
107	0	3.47E+01	5.12E+01	6.04E+01	3.26E+01	2.65E+01
108	27.8	3.72E+01	2.38E+01	3.40E+01	2.66E+01	2.52E+01
109	50.3	3.54E+01	2.34E+01	2.62E+01	1.98E+01	2.77E+01
110	49.1	7.09E+01	9.13E+01	1.12E+02	1.41E+02	1.43E+02
111	50.3	1.18E+02	1.57E+02	2.34E+02	1.40E+02	1.20E+02
112	92.9	1.14E+02	1.41E+02	1.14E+02	9.98E+01	1.07E+02
113	92.8	9.40E+01	4.75E+01	3.57E+01	2.56E+01	2.98E+01
114	51.3	8.94E+01	6.55E+01	5.15E+01	2.67E+01	1.80E+01
115	40.6	9.13E+01	1.03E+02	6.23E+01	7.06E+01	5.38E+01
116	43.6	8.22E+01	9.93E+01	5.44E+01	7.31E+01	1.05E+02
117	44	7.38E+01	8.61E+01	7.88E+01	8.69E+01	7.62E+01
118	40.7	6.83E+01	7.48E+01	8.26E+01	1.03E+02	8.41E+01
119	14.6	6.42E+01	7.18E+01	9.97E+01	7.60E+01	5.83E+01
120	54.6	6.01E+01	6.40E+01	3.30E+01	4.82E+01	3.62E+01
121	61.3	5.57E+01	7.48E+01	3.81E+01	2.98E+01	1.61E+01
122	62.1	5.21E+01	4.37E+01	2.63E+01	2.95E+01	3.55E+01
123	64.4	5.30E+01	4.45E+01	4.33E+01	5.68E+01	2.97E+01
124	64	4.97E+01	6.06E+01	7.98E+01	8.33E+01	8.21E+01
125	19.7	4.55E+01	4.00E+01	4.57E+01	3.10E+01	4.07E+01
126	0	4.14E+01	6.13E+01	4.41E+01	6.60E+01	6.91E+01
127	9.72	3.84E+01	4.92E+01	4.55E+01	3.21E+01	3.66E+01
128	47.9	3.83E+01	5.66E+01	4.13E+01	5.50E+01	3.03E+01
129	90	4.89E+01	6.18E+01	6.15E+01	7.79E+01	4.49E+01
130	41.4	5.17E+01	4.43E+01	5.18E+01	3.12E+01	2.62E+01
131	6.82	4.89E+01	7.28E+01	7.37E+01	1.10E+02	1.14E+02
132	37.3	4.56E+01	5.10E+01	6.61E+01	9.43E+01	1.07E+02
133	37.6	1.20E+02	1.32E+02	1.59E+02	1.28E+02	1.19E+02
134	84.8	1.20E+02	1.74E+02	1.38E+02	1.33E+02	1.48E+02
135	98	1.03E+02	5.49E+01	4.49E+01	2.99E+01	2.49E+01
136	87	8.82E+01	1.26E+02	8.56E+01	5.82E+01	7.05E+01
137	53.7	7.69E+01	1.05E+02	5.56E+01	3.42E+01	4.49E+01
138	36.3	6.90E+01	8.98E+01	1.12E+02	7.34E+01	5.32E+01
139	18.1	6.30E+01	4.87E+01	4.57E+01	3.87E+01	2.17E+01
140	43.8	5.76E+01	3.40E+01	2.25E+01	1.23E+01	1.52E+01
141	32.1	5.46E+01	3.41E+01	2.73E+01	1.51E+01	1.57E+01
142	11.8	5.08E+01	5.01E+01	7.52E+01	9.39E+01	1.29E+02
143	25	4.81E+01	4.14E+01	2.22E+01	2.75E+01	3.51E+01
144	37.8	5.17E+01	6.48E+01	5.70E+01	7.46E+01	9.16E+01
145	37.3	4.87E+01	3.90E+01	1.99E+01	1.35E+01	1.48E+01
146	14.4	4.53E+01	5.87E+01	6.68E+01	7.85E+01	5.30E+01
147	9.74	4.19E+01	5.98E+01	6.67E+01	7.86E+01	7.19E+01
148	0	3.93E+01	2.24E+01	1.65E+01	2.06E+01	2.17E+01
149	0	3.75E+01	3.26E+01	2.65E+01	2.42E+01	1.52E+01
150	25.7	3.59E+01	2.88E+01	3.87E+01	5.04E+01	7.00E+01
151	14.7	3.50E+01	5.08E+01	4.90E+01	6.99E+01	8.78E+01
152	22.9	3.41E+01	1.80E+01	1.07E+01	7.13E+00	4.31E+00
153	46.9	3.31E+01	2.39E+01	1.88E+01	2.54E+01	3.62E+01
154	17.1	3.22E+01	2.72E+01	1.89E+01	2.51E+01	2.50E+01
155	0	3.11E+01	4.25E+01	3.19E+01	1.94E+01	1.92E+01
156	0	3.01E+01	3.42E+01	2.96E+01	2.95E+01	3.42E+01
157	0	2.89E+01	2.72E+01	3.77E+01	3.12E+01	3.08E+01
158	0	2.77E+01	2.00E+01	1.47E+01	1.02E+01	5.61E+00
159	29.5	2.64E+01	2.74E+01	2.08E+01	1.16E+01	8.81E+00
160	33.4	2.52E+01	3.05E+01	1.70E+01	1.11E+01	1.27E+01
161	39.3	2.38E+01	3.13E+01	2.78E+01	3.39E+01	3.10E+01
162	15.3	2.26E+01	3.01E+01	3.63E+01	1.84E+01	2.01E+01
163	17.4	2.21E+01	1.44E+01	1.23E+01	1.46E+01	2.14E+01
164	36	2.16E+01	2.72E+01	2.01E+01	1.08E+01	1.27E+01
165	27.4	2.11E+01	1.61E+01	2.13E+01	3.19E+01	2.45E+01
166	54.2	2.05E+01	2.07E+01	2.24E+01	1.22E+01	1.21E+01
167	27.8	1.98E+01	1.34E+01	9.24E+00	8.18E+00	8.00E+00
168	0	1.91E+01	1.44E+01	7.95E+00	4.89E+00	2.77E+00
169	0	1.82E+01	2.54E+01	2.20E+01	2.90E+01	2.28E+01
170	0	1.80E+01	1.95E+01	1.86E+01	1.09E+01	1.52E+01
171	28.9	1.76E+01	2.58E+01	2.57E+01	3.75E+01	4.24E+01
172	45.8	1.73E+01	1.24E+01	1.63E+01	1.85E+01	2.11E+01
173	16.8	1.69E+01	1.85E+01	2.37E+01	1.69E+01	1.15E+01
174	16.1	1.65E+01	1.64E+01	1.54E+01	2.00E+01	2.28E+01
175	84.8	1.62E+01	2.28E+01	1.68E+01	1.19E+01	1.36E+01
176	76.1	1.58E+01	1.54E+01	1.30E+01	1.46E+01	1.40E+01
177	109	1.58E+01	2.26E+01	2.70E+01	3.82E+01	2.81E+01
178	67.9	1.54E+01	8.21E+00	1.22E+01	9.57E+00	5.96E+00
179	16.4	1.51E+01	2.05E+01	2.69E+01	3.56E+01	3.84E+01
180	0	1.48E+01	1.24E+01	1.41E+01	1.08E+01	8.51E+00
181	48	1.45E+01	1.20E+01	1.50E+01	1.18E+01	1.10E+01
182	92.6	1.46E+01	1.82E+01	1.72E+01	1.69E+01	2.07E+01
183	148	1.45E+01	1.08E+01	1.18E+01	1.23E+01	9.31E+00
184	117	1.63E+01	9.18E+00	1.04E+01	1.19E+01	1.40E+01
185	113	3.46E+01	5.07E+01	4.77E+01	7.08E+01	9.73E+01
186	81	5.74E+01	7.24E+01	7.20E+01	6.14E+01	4.53E+01
187	48.7	5.88E+01	2.97E+01	3.39E+01	4.48E+01	6.54E+01
188	14	5.14E+01	5.03E+01	4.54E+01	2.89E+01	3.40E+01
189	15.6	4.55E+01	2.97E+01	3.37E+01	3.32E+01	4.75E+01
190	44.6	4.32E+01	4.96E+01	2.97E+01	2.01E+01	1.25E+01
191	34.6	4.25E+01	3.46E+01	4.24E+01	3.88E+01	4.50E+01
192	60.9	4.25E+01	6.37E+01	3.60E+01	5.19E+01	3.85E+01
193	84.9	4.41E+01	6.16E+01	4.73E+01	2.55E+01	3.62E+01
194	48.3	4.30E+01	5.83E+01	6.08E+01	5.81E+01	7.25E+01
195	11.6	4.11E+01	2.95E+01	1.96E+01	2.14E+01	1.39E+01
196	12.2	3.93E+01	3.87E+01	4.45E+01	5.49E+01	4.34E+01
197	23.3	3.99E+01	2.19E+01	1.15E+01	1.04E+01	9.99E+00
198	33.1	7.04E+01	5.47E+01	4.55E+01	5.40E+01	5.18E+01
199	45.5	7.28E+01	6.70E+01	5.75E+01	5.82E+01	7.14E+01
200	65.4	6.31E+01	7.07E+01	6.67E+01	5.84E+01	7.59E+01
201	54.2	5.49E+01	7.23E+01	5.28E+01	3.40E+01	3.47E+01
202	39.4	4.93E+01	3.35E+01	4.72E+01	2.65E+01	1.99E+01
203	24.5	4.52E+01	6.31E+01	7.35E+01	9.67E+01	1.38E+02
204	22.8	4.25E+01	2.26E+01	2.90E+01	2.12E+01	2.09E+01
205	16.2	4.03E+01	5.69E+01	6.76E+01	8.89E+01	1.32E+02
206	45.2	3.95E+01	3.28E+01	1.75E+01	2.52E+01	2.86E+01
207	50.3	3.76E+01	2.60E+01	2.03E+01	2.19E+01	1.34E+01
208	9.08	3.54E+01	3.91E+01	4.53E+01	4.35E+01	5.97E+01
209	0	3.46E+01	3.91E+01	4.45E+01	5.99E+01	7.73E+01
210	0	3.38E+01	2.83E+01	1.81E+01	1.02E+01	1.23E+01
211	0	3.31E+01	4.91E+01	2.81E+01	3.66E+01	4.75E+01
212	0	3.25E+01	3.28E+01	3.74E+01	3.80E+01	2.33E+01
213	0	3.15E+01	4.67E+01	2.79E+01	2.86E+01	3.73E+01
214	0	3.06E+01	2.46E+01	2.95E+01	3.29E+01	4.23E+01
215	0	2.95E+01	1.65E+01	1.60E+01	2.37E+01	3.55E+01
216	0	2.83E+01	3.50E+01	1.91E+01	2.07E+01	2.86E+01
217	0	2.71E+01	2.62E+01	2.49E+01	3.71E+01	4.06E+01
218	0	3.11E+01	4.44E+01	4.94E+01	3.52E+01	4.97E+01
219	60.8	3.00E+01	4.02E+01	5.38E+01	5.07E+01	4.12E+01
220	122	2.93E+01	3.98E+01	5.50E+01	7.27E+01	8.52E+01
221	93.2	2.88E+01	3.79E+01	4.82E+01	3.55E+01	3.57E+01
222	83.9	2.81E+01	2.87E+01	1.55E+01	7.89E+00	1.04E+01
223	106	2.77E+01	1.48E+01	1.26E+01	1.17E+01	1.58E+01
224	95.5	3.47E+01	3.26E+01	3.60E+01	1.81E+01	1.87E+01
225	83.2	3.32E+01	3.85E+01	4.97E+01	4.88E+01	5.55E+01
226	36.6	3.23E+01	2.27E+01	2.41E+01	2.81E+01	1.92E+01
227	15.6	3.15E+01	4.31E+01	5.23E+01	3.16E+01	1.98E+01
228	65.2	3.11E+01	4.59E+01	5.58E+01	4.75E+01	6.35E+01
229	75.9	3.11E+01	1.90E+01	9.93E+00	1.43E+01	1.61E+01
230	70.8	3.21E+01	2.93E+01	1.80E+01	2.63E+01	2.18E+01
231	51.3	3.16E+01	3.93E+01	3.07E+01	2.04E+01	1.68E+01
232	13.3	3.12E+01	4.35E+01	5.20E+01	2.67E+01	2.77E+01
233	16.9	3.08E+01	4.11E+01	2.88E+01	1.61E+01	2.18E+01
234	92.6	3.03E+01	2.42E+01	2.21E+01	2.40E+01	2.48E+01
235	35.7	3.58E+01	3.77E+01	2.03E+01	2.53E+01	2.20E+01
236	40.2	3.76E+01	3.64E+01	4.92E+01	6.71E+01	5.73E+01
237	59.2	3.78E+01	3.31E+01	2.01E+01	2.33E+01	2.55E+01
238	64.9	8.81E+01	5.20E+01	4.42E+01	4.33E+01	4.78E+01
239	83.9	8.13E+01	5.55E+01	4.37E+01	5.90E+01	3.05E+01
240	74	6.95E+01	6.79E+01	7.70E+01	6.33E+01	7.15E+01
241	61.2	6.04E+01	5.84E+01	6.98E+01	9.80E+01	6.01E+01
242	58.4	5.39E+01	7.97E+01	5.22E+01	2.77E+01	1.50E+01
243	52.5	4.90E+01	2.94E+01	3.45E+01	4.82E+01	6.43E+01
244	36.5	4.59E+01	6.74E+01	4.04E+01	2.16E+01	1.54E+01
245	32	4.39E+01	3.62E+01	1.86E+01	1.62E+01	8.88E+00
246	34	4.17E+01	2.18E+01	3.03E+01	3.54E+01	3.34E+01
247	34.3	3.96E+01	5.14E+01	3.30E+01	2.94E+01	2.19E+01
248	33.5	3.76E+01	4.15E+01	2.61E+01	2.62E+01	1.42E+01
249	21.7	3.60E+01	3.07E+01	2.83E+01	1.94E+01	2.36E+01
250	0	3.50E+01	3.17E+01	1.70E+01	8.64E+00	5.29E+00
251	0	3.41E+01	4.83E+01	4.86E+01	6.78E+01	8.81E+01
252	25.6	3.35E+01	1.79E+01	1.25E+01	7.76E+00	1.09E+01
253	80.8	4.12E+01	3.82E+01	2.50E+01	1.62E+01	8.12E+00
254	93.8	6.73E+01	7.67E+01	5.12E+01	7.50E+01	7.53E+01
255	107	6.73E+01	6.35E+01	8.25E+01	5.22E+01	4.91E+01
256	109	6.13E+01	5.82E+01	5.56E+01	7.88E+01	6.93E+01
257	94	5.77E+01	7.72E+01	8.07E+01	7.08E+01	1.01E+02
258	67	5.64E+01	5.77E+01	4.87E+01	6.33E+01	5.89E+01
259	43.1	5.63E+01	2.99E+01	3.26E+01	4.26E+01	2.82E+01
260	46.5	5.66E+01	7.22E+01	1.05E+02	1.28E+02	1.08E+02
261	61.5	6.49E+01	7.63E+01	5.05E+01	5.00E+01	5.76E+01
262	56.8	6.54E+01	8.67E+01	7.17E+01	4.80E+01	6.83E+01
263	45.2	6.21E+01	4.61E+01	3.00E+01	4.04E+01	3.93E+01
264	34.5	5.83E+01	4.03E+01	5.97E+01	6.59E+01	4.34E+01
265	57.9	5.46E+01	5.77E+01	7.82E+01	8.70E+01	8.87E+01
266	46.7	5.13E+01	2.68E+01	1.47E+01	1.09E+01	9.84E+00
267	32	4.78E+01	6.18E+01	5.88E+01	6.70E+01	4.71E+01
268	32.7	4.46E+01	5.75E+01	4.11E+01	5.77E+01	5.98E+01
269	33.5	4.15E+01	3.76E+01	3.03E+01	4.29E+01	2.45E+01
270	63.4	3.90E+01	5.36E+01	4.50E+01	4.26E+01	3.67E+01
271	72.9	3.76E+01	1.94E+01	2.73E+01	3.33E+01	3.73E+01
272	49.8	3.62E+01	4.40E+01	5.42E+01	5.63E+01	3.78E+01
273	24.3	3.48E+01	1.84E+01	2.17E+01	2.87E+01	2.79E+01
274	10.1	3.34E+01	2.98E+01	4.19E+01	5.05E+01	7.45E+01
275	43.6	3.22E+01	1.63E+01	2.08E+01	1.29E+01	1.18E+01
276	43.2	3.15E+01	1.94E+01	2.21E+01	1.12E+01	1.33E+01
277	34.7	3.10E+01	2.02E+01	1.59E+01	1.79E+01	2.18E+01
278	36.1	3.04E+01	1.91E+01	1.63E+01	2.30E+01	1.32E+01
279	36.6	2.97E+01	1.69E+01	2.07E+01	2.08E+01	1.10E+01
280	37	2.89E+01	2.68E+01	3.09E+01	2.39E+01	1.86E+01
281	25.6	2.81E+01	3.84E+01	2.71E+01	1.77E+01	1.60E+01
282	0	2.73E+01	2.29E+01	1.99E+01	1.46E+01	1.33E+01
283	23.7	2.62E+01	3.13E+01	2.14E+01	1.22E+01	1.03E+01
284	13.4	2.53E+01	2.70E+01	2.39E+01	3.39E+01	4.76E+01
285	0	2.41E+01	3.14E+01	3.94E+01	5.75E+01	6.54E+01
286	0	2.31E+01	2.22E+01	2.78E+01	2.05E+01	2.31E+01
287	19.7	2.21E+01	1.40E+01	1.31E+01	1.77E+01	1.60E+01
288	50.9	2.18E+01	3.01E+01	4.05E+01	4.89E+01	4.99E+01
289	51.3	2.14E+01	1.71E+01	1.05E+01	1.07E+01	7.42E+00
290	78.1	2.09E+01	3.11E+01	3.44E+01	4.49E+01	5.32E+01
291	94.8	2.03E+01	2.78E+01	4.01E+01	3.17E+01	2.39E+01
292	90.6	1.96E+01	2.66E+01	3.92E+01	5.21E+01	4.91E+01
293	87.1	2.03E+01	1.10E+01	5.56E+00	6.70E+00	3.96E+00
294	39.3	1.95E+01	1.23E+01	1.69E+01	2.19E+01	2.15E+01
295	46.2	1.88E+01	2.16E+01	2.16E+01	1.46E+01	2.01E+01
296	59	1.82E+01	1.59E+01	1.19E+01	1.55E+01	1.87E+01
297	43.1	1.78E+01	2.55E+01	3.39E+01	3.29E+01	2.77E+01
298	17.2	1.73E+01	2.23E+01	2.04E+01	1.66E+01	1.29E+01
299	0	1.68E+01	1.80E+01	1.60E+01	2.37E+01	3.42E+01
300	57.1	1.64E+01	9.95E+00	1.38E+01	1.44E+01	1.53E+01
301	729	4.59E+02	3.00E+02	3.83E+02	1.93E+02	1.62E+02
302	126	5.78E+02	5.10E+02	7.53E+02	6.27E+02	3.77E+02
303	216	5.34E+02	4.17E+02	2.21E+02	1.79E+02	1.46E+02
304	218	4.28E+02	3.59E+02	5.15E+02	3.69E+02	4.85E+02
305	199	3.50E+02	1.79E+02	2.39E+02	3.44E+02	2.10E+02
306	180	2.88E+02	2.10E+02	2.88E+02	2.78E+02	2.01E+02
307	148	2.40E+02	2.27E+02	2.23E+02	3.01E+02	3.97E+02
308	123	2.05E+02	2.99E+02	3.40E+02	1.83E+02	2.58E+02
309	115	1.76E+02	1.82E+02	1.54E+02	1.11E+02	8.40E+01
310	103	1.53E+02	1.10E+02	1.07E+02	1.51E+02	1.16E+02
311	73.4	1.43E+02	1.03E+02	1.40E+02	1.81E+02	2.26E+02
312	53.7	1.26E+02	1.52E+02	2.14E+02	2.11E+02	1.39E+02
313	37.8	1.11E+02	8.30E+01	5.17E+01	7.47E+01	8.64E+01
314	57.8	9.78E+01	4.91E+01	3.34E+01	2.54E+01	1.31E+01
315	75.5	8.78E+01	5.46E+01	5.26E+01	7.51E+01	4.67E+01
316	52.6	7.93E+01	9.94E+01	8.33E+01	9.11E+01	1.24E+02
317	42.3	7.22E+01	9.87E+01	1.16E+02	9.04E+01	8.41E+01
318	28.3	6.61E+01	7.22E+01	1.06E+02	7.87E+01	4.31E+01
319	26.4	6.15E+01	7.25E+01	8.72E+01	6.17E+01	8.92E+01
320	25.3	5.75E+01	4.79E+01	4.99E+01	3.62E+01	2.49E+01
321	20.8	5.36E+01	5.97E+01	5.84E+01	4.16E+01	4.20E+01
322	0	5.07E+01	5.79E+01	6.60E+01	5.16E+01	7.54E+01
323	0	4.82E+01	6.84E+01	5.96E+01	6.57E+01	3.46E+01
324	0	4.55E+01	3.34E+01	1.84E+01	1.77E+01	9.49E+00
325	0	4.31E+01	3.38E+01	4.09E+01	2.69E+01	1.63E+01
326	0	4.13E+01	2.89E+01	3.53E+01	2.64E+01	2.08E+01
327	16.9	1.05E+02	6.72E+01	6.94E+01	8.70E+01	6.04E+01
328	64.8	1.06E+02	9.36E+01	1.03E+02	1.01E+02	8.76E+01
329	67.5	9.10E+01	1.04E+02	1.04E+02	1.26E+02	1.14E+02
330	84.1	8.42E+01	1.19E+02	1.57E+02	1.70E+02	1.41E+02
331	83.2	1.29E+02	9.38E+01	9.75E+01	1.06E+02	1.11E+02
332	95.5	1.27E+02	1.67E+02	1.46E+02	1.50E+02	1.95E+02
333	98.1	1.23E+02	7.85E+01	7.85E+01	5.29E+01	6.60E+01
334	101	1.08E+02	1.58E+02	1.26E+02	8.44E+01	5.53E+01
335	96.4	9.46E+01	1.17E+02	1.07E+02	1.16E+02	1.51E+02
336	79.8	8.38E+01	1.12E+02	1.65E+02	1.74E+02	1.85E+02
337	48.8	7.65E+01	6.00E+01	5.97E+01	7.23E+01	4.54E+01
338	39.9	7.07E+01	6.88E+01	6.80E+01	8.76E+01	7.98E+01
339	41.6	6.53E+01	6.59E+01	6.49E+01	5.31E+01	4.49E+01
340	64	6.08E+01	4.02E+01	2.85E+01	2.16E+01	1.42E+01
341	54.2	5.67E+01	8.46E+01	9.50E+01	1.30E+02	6.65E+01
342	41.2	5.26E+01	5.86E+01	7.69E+01	9.35E+01	1.24E+02
343	42.4	4.92E+01	5.75E+01	3.35E+01	2.78E+01	1.64E+01
344	42.8	4.66E+01	6.26E+01	6.04E+01	3.45E+01	3.39E+01
345	41.9	4.44E+01	6.63E+01	8.93E+01	1.26E+02	6.59E+01
346	39.3	4.20E+01	5.10E+01	7.60E+01	8.59E+01	4.45E+01
347	37.4	3.98E+01	3.90E+01	3.15E+01	3.83E+01	2.13E+01
348	52	3.77E+01	2.47E+01	2.38E+01	1.40E+01	9.15E+00
349	44.9	3.62E+01	3.08E+01	3.17E+01	4.12E+01	2.52E+01
350	39.7	3.48E+01	5.18E+01	3.52E+01	4.94E+01	6.95E+01
351	36	3.37E+01	4.58E+01	5.86E+01	7.42E+01	7.42E+01
352	28.6	3.28E+01	4.92E+01	6.56E+01	6.78E+01	6.19E+01
353	28.1	3.20E+01	3.76E+01	2.73E+01	3.82E+01	2.54E+01
354	25.5	3.09E+01	3.47E+01	4.59E+01	4.41E+01	3.06E+01
355	27.1	2.99E+01	2.78E+01	3.60E+01	3.30E+01	4.43E+01
356	27.5	2.87E+01	1.72E+01	1.07E+01	1.60E+01	1.45E+01
357	26	2.76E+01	2.00E+01	2.80E+01	3.02E+01	3.09E+01
358	27.2	2.63E+01	3.87E+01	5.64E+01	4.00E+01	5.73E+01
359	25.4	2.51E+01	3.55E+01	4.18E+01	4.59E+01	5.70E+01
360	25.6	2.38E+01	2.88E+01	3.13E+01	3.22E+01	1.85E+01
361	25.2	2.26E+01	1.94E+01	2.41E+01	1.22E+01	1.78E+01
362	24.6	2.20E+01	3.08E+01	1.99E+01	2.50E+01	3.37E+01
363	23.4	2.16E+01	1.56E+01	1.44E+01	8.52E+00	4.47E+00
364	25.8	2.11E+01	1.26E+01	1.09E+01	7.94E+00	1.12E+01
365	25.2	2.04E+01	2.42E+01	3.03E+01	4.27E+01	4.01E+01
366	25	1.97E+01	1.07E+01	7.92E+00	7.82E+00	6.16E+00
367	24.7	1.90E+01	2.45E+01	1.56E+01	8.79E+00	6.52E+00
368	24.6	1.82E+01	1.02E+01	7.68E+00	4.66E+00	3.77E+00
369	23.2	1.75E+01	1.57E+01	1.52E+01	2.11E+01	2.93E+01
370	25.7	1.67E+01	1.31E+01	7.17E+00	7.05E+00	9.73E+00
371	29.3	1.59E+01	1.81E+01	2.54E+01	2.43E+01	2.19E+01
372	28.8	1.52E+01	1.55E+01	1.32E+01	1.49E+01	1.35E+01
373	28	1.45E+01	1.01E+01	1.16E+01	1.55E+01	1.85E+01
374	27.5	1.43E+01	8.39E+00	8.98E+00	9.41E+00	5.87E+00
375	25.4	1.41E+01	7.48E+00	3.94E+00	5.38E+00	4.45E+00
376	26	1.37E+01	1.32E+01	1.86E+01	2.77E+01	3.35E+01
377	30	1.33E+01	9.21E+00	1.33E+01	1.41E+01	1.33E+01
378	32.9	1.29E+01	1.63E+01	1.95E+01	1.02E+01	8.01E+00
379	32.1	1.25E+01	1.31E+01	9.41E+00	5.95E+00	6.76E+00
380	31.6	1.20E+01	1.18E+01	1.43E+01	1.50E+01	1.16E+01
381	42.6	1.15E+01	7.63E+00	1.07E+01	5.63E+00	4.30E+00
382	56.8	1.11E+01	1.09E+01	6.19E+00	3.12E+00	3.72E+00
383	53.7	1.06E+01	1.56E+01	1.10E+01	1.47E+01	1.06E+01
384	45.8	1.01E+01	8.40E+00	1.21E+01	1.46E+01	1.18E+01
385	45.2	9.70E+00	6.99E+00	6.34E+00	4.15E+00	3.81E+00
386	43.4	9.28E+00	1.22E+01	1.39E+01	1.96E+01	1.90E+01
387	44.2	8.87E+00	7.13E+00	4.16E+00	5.69E+00	8.20E+00
388	45.2	8.47E+00	9.31E+00	6.25E+00	8.09E+00	9.03E+00
389	43.2	8.09E+00	1.20E+01	1.78E+01	1.55E+01	2.32E+01
390	44.2	7.73E+00	5.41E+00	4.39E+00	5.83E+00	7.00E+00
391	45.2	7.38E+00	5.64E+00	8.41E+00	6.84E+00	7.67E+00
392	45.4	7.07E+00	6.56E+00	9.03E+00	6.60E+00	5.05E+00
393	49.6	6.77E+00	9.54E+00	1.16E+01	1.54E+01	2.08E+01
394	48.8	6.49E+00	8.17E+00	8.46E+00	5.95E+00	7.26E+00
395	46	6.30E+00	6.26E+00	8.61E+00	6.56E+00	9.02E+00
396	45.2	6.15E+00	5.99E+00	3.64E+00	2.71E+00	3.94E+00
397	48.4	6.07E+00	5.79E+00	3.30E+00	2.79E+00	3.88E+00
398	45.5	6.01E+00	3.34E+00	3.46E+00	1.92E+00	1.38E+00
399	46.4	5.95E+00	4.36E+00	6.10E+00	7.90E+00	9.62E+00
400	46	5.88E+00	4.81E+00	3.86E+00	5.55E+00	4.68E+00
401	44.5	5.81E+00	4.85E+00	7.04E+00	6.17E+00	4.15E+00
402	45.1	5.73E+00	7.88E+00	5.69E+00	3.44E+00	2.61E+00
403	46.7	5.64E+00	6.08E+00	7.08E+00	6.46E+00	4.62E+00
404	44.8	5.53E+00	3.43E+00	3.93E+00	1.97E+00	1.27E+00
405	48.1	5.41E+00	6.58E+00	9.04E+00	1.28E+01	1.59E+01
406	45.5	5.27E+00	2.94E+00	3.34E+00	3.14E+00	3.39E+00
407	45.3	5.12E+00	3.54E+00	2.81E+00	3.72E+00	3.30E+00
408	45.2	4.96E+00	6.98E+00	7.51E+00	1.09E+01	9.40E+00
409	45.2	4.78E+00	5.06E+00	6.73E+00	3.86E+00	2.70E+00
410	44	4.62E+00	6.13E+00	7.97E+00	8.02E+00	9.16E+00
411	41.6	4.45E+00	4.77E+00	5.67E+00	6.48E+00	5.59E+00
412	43.6	4.28E+00	3.59E+00	3.81E+00	4.65E+00	5.03E+00
413	41.2	4.10E+00	2.87E+00	2.17E+00	1.26E+00	9.78E-01
414	41.1	3.92E+00	3.75E+00	4.08E+00	2.16E+00	2.49E+00
415	42.7	5.84E+00	6.11E+00	6.12E+00	3.31E+00	3.85E+00
416	47.4	2.71E+01	3.13E+01	4.19E+01	5.75E+01	6.95E+01
417	47	2.55E+01	3.13E+01	4.24E+01	3.22E+01	3.08E+01
418	50.9	3.00E+01	3.94E+01	3.16E+01	4.02E+01	4.10E+01
419	48.8	2.85E+01	2.17E+01	3.19E+01	3.11E+01	3.31E+01
420	48	2.82E+01	1.68E+01	1.72E+01	1.01E+01	8.79E+00
421	49.4	3.06E+01	3.38E+01	3.58E+01	4.57E+01	6.15E+01
422	47	5.15E+01	5.95E+01	8.69E+01	1.01E+02	6.19E+01
423	50	1.00E+02	9.96E+01	8.88E+01	6.21E+01	8.78E+01
424	62.7	1.01E+02	7.79E+01	1.00E+02	5.06E+01	6.62E+01
425	64.6	8.87E+01	1.16E+02	8.89E+01	8.30E+01	1.01E+02
426	63.8	7.72E+01	4.20E+01	2.58E+01	2.00E+01	1.45E+01
427	62.2	6.80E+01	8.58E+01	6.15E+01	5.60E+01	7.78E+01
428	63.9	6.25E+01	3.73E+01	4.83E+01	7.11E+01	6.57E+01
429	138	5.71E+01	5.60E+01	6.54E+01	8.78E+01	1.03E+02
430	129	5.29E+01	4.35E+01	6.07E+01	5.28E+01	5.93E+01
431	118	5.04E+01	7.55E+01	9.85E+01	8.00E+01	7.41E+01
432	46.4	4.84E+01	6.65E+01	7.23E+01	9.09E+01	7.95E+01
433	0	4.63E+01	3.10E+01	3.19E+01	3.49E+01	4.86E+01
434	0	4.45E+01	5.44E+01	5.96E+01	7.79E+01	5.23E+01
435	53.7	4.24E+01	5.20E+01	5.16E+01	2.79E+01	4.13E+01
436	79.5	4.06E+01	3.77E+01	4.83E+01	7.08E+01	8.49E+01
437	53.6	3.91E+01	5.00E+01	3.91E+01	4.02E+01	5.06E+01
438	38.3	3.76E+01	4.38E+01	5.91E+01	6.56E+01	7.90E+01
439	38.2	3.60E+01	5.27E+01	7.80E+01	9.23E+01	8.51E+01
440	14.1	3.50E+01	2.56E+01	2.17E+01	2.67E+01	3.55E+01
441	10.8	9.69E+01	1.19E+02	1.75E+02	2.53E+02	1.65E+02
442	98.7	1.30E+02	1.19E+02	1.60E+02	1.73E+02	1.66E+02
443	192	1.20E+02	1.45E+02	1.10E+02	7.34E+01	9.22E+01
444	133	9.81E+01	1.28E+02	1.85E+02	1.80E+02	1.93E+02
445	45.7	8.13E+01	7.25E+01	6.39E+01	6.48E+01	8.87E+01
446	45.1	7.20E+01	9.62E+01	5.96E+01	3.29E+01	4.65E+01
447	34.3	6.63E+01	8.51E+01	1.08E+02	1.42E+02	1.24E+02
448	29.8	6.27E+01	7.88E+01	5.23E+01	3.91E+01	4.82E+01
449	30.3	5.91E+01	4.79E+01	2.99E+01	2.05E+01	2.65E+01
450	89	5.90E+01	8.59E+01	8.11E+01	5.50E+01	3.92E+01
451	107	5.46E+01	3.90E+01	3.84E+01	3.35E+01	3.73E+01
452	77.6	5.03E+01	6.24E+01	4.16E+01	3.83E+01	5.27E+01
453	80.4	1.28E+02	1.66E+02	1.29E+02	1.38E+02	1.75E+02
454	194	1.28E+02	1.30E+02	7.17E+01	4.85E+01	5.64E+01
455	220	1.10E+02	1.53E+02	1.63E+02	1.30E+02	1.32E+02
456	200	1.18E+02	9.20E+01	5.75E+01	6.63E+01	5.81E+01
457	123	1.21E+02	7.54E+01	6.40E+01	9.57E+01	1.17E+02
458	148	3.21E+02	2.44E+02	1.62E+02	2.35E+02	3.06E+02
459	267	3.95E+02	4.64E+02	3.64E+02	4.75E+02	3.42E+02
460	384	4.60E+02	3.10E+02	2.65E+02	3.93E+02	5.73E+02
461	459	4.56E+02	5.99E+02	3.01E+02	3.43E+02	4.60E+02
462	479	3.76E+02	5.19E+02	5.70E+02	5.26E+02	6.91E+02
463	422	3.05E+02	2.59E+02	3.43E+02	3.81E+02	4.34E+02
464	368	2.51E+02	2.95E+02	2.92E+02	2.78E+02	1.86E+02
465	359	2.41E+02	3.13E+02	4.55E+02	4.26E+02	2.19E+02
466	282	2.29E+02	2.57E+02	1.69E+02	2.25E+02	2.77E+02
467	282	2.03E+02	2.03E+02	1.51E+02	2.25E+02	2.13E+02
468	253	1.84E+02	1.19E+02	1.29E+02	1.22E+02	8.26E+01
469	202	1.63E+02	1.10E+02	1.48E+02	1.64E+02	2.13E+02
470	66.3	1.49E+02	8.51E+01	4.75E+01	4.69E+01	4.12E+01
471	23.9	1.31E+02	1.13E+02	1.10E+02	1.07E+02	1.59E+02
472	66	1.16E+02	1.46E+02	1.29E+02	1.06E+02	1.27E+02
473	60.1	1.11E+02	1.62E+02	9.99E+01	1.40E+02	1.24E+02
474	73.8	1.06E+02	8.89E+01	1.15E+02	9.33E+01	1.26E+02
475	87.1	9.72E+01	7.01E+01	9.42E+01	5.03E+01	6.14E+01
476	41.1	8.93E+01	1.23E+02	6.63E+01	7.14E+01	6.17E+01
477	53.2	8.31E+01	1.00E+02	1.10E+02	1.34E+02	1.88E+02
478	39.4	7.65E+01	6.05E+01	6.85E+01	4.36E+01	5.84E+01
479	15.7	7.12E+01	4.31E+01	5.18E+01	6.30E+01	4.45E+01
480	60	6.55E+01	4.33E+01	2.43E+01	1.33E+01	1.71E+01
481	64.8	6.04E+01	6.60E+01	7.43E+01	6.80E+01	9.30E+01
482	38.2	5.53E+01	3.93E+01	3.85E+01	2.61E+01	2.75E+01
483	45.1	5.10E+01	3.93E+01	3.62E+01	4.39E+01	6.49E+01
484	51.9	4.70E+01	3.46E+01	3.15E+01	4.37E+01	2.54E+01
485	39.2	4.38E+01	5.15E+01	5.43E+01	3.72E+01	3.63E+01
486	13.7	1.75E+02	1.57E+02	1.21E+02	7.08E+01	3.93E+01
487	139	1.71E+02	1.39E+02	9.27E+01	5.32E+01	4.10E+01
488	296	1.42E+02	1.45E+02	1.55E+02	8.97E+01	4.65E+01
489	254	1.18E+02	1.00E+02	8.40E+01	8.69E+01	5.86E+01
490	167	9.96E+01	1.01E+02	1.10E+02	1.42E+02	1.96E+02
491	71.1	8.52E+01	6.84E+01	1.00E+02	1.01E+02	5.11E+01
492	41.2	1.68E+02	2.30E+02	1.89E+02	1.48E+02	9.27E+01
493	149	1.76E+02	9.53E+01	6.62E+01	8.27E+01	6.61E+01
494	190	1.51E+02	1.94E+02	2.15E+02	2.70E+02	1.81E+02
495	146	1.33E+02	1.32E+02	1.62E+02	2.24E+02	1.39E+02
496	134	1.16E+02	7.15E+01	6.73E+01	7.45E+01	1.08E+02
497	119	1.02E+02	6.06E+01	3.75E+01	2.82E+01	3.05E+01
498	155	9.12E+01	9.07E+01	5.38E+01	2.89E+01	3.29E+01
499	105	3.03E+02	1.76E+02	1.10E+02	1.29E+02	8.54E+01
500	202	3.26E+02	2.18E+02	1.22E+02	9.51E+01	8.63E+01
501	350	2.76E+02	3.89E+02	4.96E+02	4.86E+02	3.15E+02
502	354	2.23E+02	2.48E+02	2.68E+02	2.52E+02	2.75E+02
503	292	1.82E+02	2.42E+02	3.61E+02	4.10E+02	2.96E+02
504	200	1.53E+02	1.59E+02	1.38E+02	2.05E+02	2.10E+02
505	115	1.32E+02	1.82E+02	1.71E+02	2.42E+02	3.10E+02
506	69.1	1.17E+02	1.26E+02	7.64E+01	5.42E+01	7.81E+01
507	43.3	1.06E+02	7.90E+01	1.07E+02	1.44E+02	1.57E+02
508	26.1	9.59E+01	8.15E+01	5.48E+01	4.02E+01	5.70E+01
509	33.9	8.73E+01	1.11E+02	1.52E+02	9.87E+01	5.46E+01
510	50.5	8.01E+01	5.54E+01	3.10E+01	3.93E+01	2.47E+01
511	119	8.38E+01	9.81E+01	6.57E+01	8.63E+01	1.13E+02
512	129	7.63E+01	4.69E+01	5.15E+01	5.29E+01	4.97E+01
513	35.5	7.73E+01	9.46E+01	5.62E+01	3.36E+01	1.96E+01
514	81.5	1.07E+02	6.50E+01	9.21E+01	1.24E+02	1.51E+02
515	85.4	9.87E+01	1.14E+02	1.08E+02	5.68E+01	8.49E+01
516	64.1	8.69E+01	6.74E+01	9.18E+01	5.91E+01	3.91E+01
517	215	4.81E+02	3.46E+02	3.11E+02	2.07E+02	1.05E+02
518	375	5.70E+02	5.78E+02	5.10E+02	4.94E+02	6.45E+02
519	534	4.64E+02	4.18E+02	3.75E+02	2.96E+02	3.40E+02
520	501	3.54E+02	3.29E+02	4.88E+02	4.59E+02	4.54E+02
521	365	2.74E+02	3.35E+02	1.74E+02	1.53E+02	1.22E+02
522	319	2.39E+02	1.50E+02	1.40E+02	1.53E+02	1.46E+02
523	334	4.35E+02	2.57E+02	1.61E+02	9.31E+01	9.48E+01
524	482	4.04E+02	5.08E+02	6.96E+02	7.55E+02	8.62E+02
525	514	3.33E+02	3.37E+02	4.53E+02	5.89E+02	7.64E+02
526	374	2.72E+02	3.37E+02	4.82E+02	4.38E+02	6.22E+02
527	277	2.24E+02	1.76E+02	1.80E+02	2.44E+02	1.68E+02
528	228	1.89E+02	2.84E+02	2.57E+02	2.20E+02	1.38E+02
529	131	1.72E+02	1.60E+02	1.16E+02	1.61E+02	1.27E+02
530	80.2	1.87E+02	2.33E+02	1.67E+02	1.30E+02	1.64E+02
531	119	1.71E+02	2.06E+02	1.03E+02	1.06E+02	7.52E+01
532	222	1.54E+02	2.17E+02	1.67E+02	2.21E+02	1.66E+02
533	193	2.29E+02	1.55E+02	1.47E+02	7.68E+01	7.30E+01
534	171	2.25E+02	2.72E+02	2.17E+02	2.81E+02	1.70E+02
535	157	1.91E+02	1.50E+02	1.19E+02	7.44E+01	1.08E+02
536	161	1.62E+02	1.30E+02	1.62E+02	1.67E+02	1.42E+02
537	144	1.69E+02	2.19E+02	2.35E+02	1.55E+02	2.07E+02
538	143	1.49E+02	1.01E+02	1.41E+02	1.63E+02	9.40E+01
539	113	1.30E+02	1.92E+02	1.38E+02	1.11E+02	1.38E+02
540	89	1.14E+02	1.36E+02	1.83E+02	2.52E+02	2.70E+02
541	115	1.02E+02	1.32E+02	8.33E+01	8.75E+01	8.60E+01
542	66.4	9.28E+01	5.17E+01	3.86E+01	5.56E+01	4.92E+01
543	0	8.50E+01	1.12E+02	1.36E+02	6.93E+01	6.87E+01
544	0	7.90E+01	8.55E+01	8.25E+01	4.55E+01	4.43E+01
545	58.1	7.32E+01	6.94E+01	1.02E+02	1.53E+02	1.81E+02
546	134	6.80E+01	6.64E+01	7.90E+01	4.81E+01	6.37E+01
547	52	6.28E+01	8.49E+01	1.19E+02	6.97E+01	8.41E+01
548	0	5.77E+01	6.75E+01	8.67E+01	7.94E+01	8.76E+01
549	0	5.38E+01	5.46E+01	7.65E+01	6.97E+01	9.82E+01
550	0	5.05E+01	5.73E+01	6.12E+01	6.23E+01	8.67E+01
551	17.4	4.76E+01	3.46E+01	4.96E+01	6.89E+01	7.11E+01
552	74.8	4.43E+01	6.21E+01	7.16E+01	8.20E+01	1.11E+02
553	115	4.17E+01	2.92E+01	3.14E+01	2.81E+01	3.01E+01
554	77.2	3.94E+01	2.71E+01	3.03E+01	4.12E+01	3.19E+01
555	45.3	3.74E+01	5.52E+01	4.17E+01	4.72E+01	6.72E+01
556	47.4	3.55E+01	3.67E+01	4.30E+01	3.85E+01	2.68E+01
557	47.5	3.42E+01	3.25E+01	1.63E+01	8.96E+00	1.08E+01
558	35	3.31E+01	2.24E+01	1.21E+01	1.10E+01	1.22E+01
559	25.2	3.24E+01	2.18E+01	2.45E+01	1.75E+01	1.36E+01
560	139	3.38E+01	1.79E+01	2.14E+01	1.73E+01	1.68E+01
561	163	2.19E+02	1.86E+02	1.83E+02	1.64E+02	2.21E+02
562	118	2.93E+02	1.74E+02	2.21E+02	1.21E+02	6.42E+01
563	87.6	2.40E+02	1.31E+02	1.65E+02	2.37E+02	2.53E+02
564	93	1.75E+02	1.91E+02	1.21E+02	1.06E+02	1.55E+02
565	94.1	1.28E+02	1.51E+02	1.57E+02	2.07E+02	1.53E+02
566	77.8	9.95E+01	1.26E+02	1.58E+02	9.81E+01	1.05E+02
567	45.8	8.20E+01	1.18E+02	6.61E+01	5.32E+01	5.25E+01
568	128	2.88E+02	3.91E+02	2.36E+02	2.86E+02	1.99E+02
569	264	4.95E+02	2.91E+02	1.71E+02	1.02E+02	1.09E+02
570	512	4.23E+02	5.01E+02	6.42E+02	5.30E+02	5.82E+02
571	492	3.35E+02	4.57E+02	5.15E+02	4.25E+02	4.25E+02
572	380	2.73E+02	2.07E+02	2.59E+02	1.50E+02	7.74E+01
573	334	2.24E+02	3.11E+02	4.25E+02	3.05E+02	4.13E+02
574	234	1.88E+02	2.35E+02	1.74E+02	2.15E+02	2.96E+02
575	172	1.62E+02	2.22E+02	2.11E+02	2.09E+02	2.49E+02
576	138	1.42E+02	1.58E+02	1.76E+02	2.53E+02	1.81E+02
577	80.1	1.26E+02	1.58E+02	1.04E+02	1.13E+02	1.41E+02
578	48.8	1.12E+02	6.61E+01	4.66E+01	4.37E+01	2.62E+01
579	49.3	1.01E+02	1.41E+02	1.32E+02	1.97E+02	1.12E+02
580	48.4	9.07E+01	1.10E+02	9.31E+01	1.09E+02	7.15E+01
581	46.3	8.32E+01	5.98E+01	7.89E+01	7.34E+01	3.76E+01
582	20.6	7.71E+01	5.56E+01	4.46E+01	4.77E+01	6.46E+01
583	0	7.18E+01	3.68E+01	3.83E+01	3.63E+01	2.21E+01
584	0	6.73E+01	7.43E+01	8.01E+01	6.38E+01	3.77E+01
585	0	6.25E+01	6.43E+01	8.21E+01	9.10E+01	1.31E+02
586	0	5.80E+01	6.16E+01	4.62E+01	5.14E+01	5.06E+01
587	0	5.46E+01	4.55E+01	4.64E+01	4.15E+01	4.05E+01
588	8.58	5.10E+01	3.77E+01	2.19E+01	1.52E+01	1.70E+01
589	13.5	4.77E+01	4.23E+01	4.41E+01	2.21E+01	2.94E+01
590	0	4.58E+01	5.87E+01	4.74E+01	5.07E+01	3.35E+01
591	71.4	4.41E+01	4.83E+01	3.06E+01	4.34E+01	3.83E+01
592	117	4.33E+01	5.10E+01	5.04E+01	3.28E+01	4.21E+01
593	126	4.11E+01	2.18E+01	1.95E+01	1.85E+01	1.22E+01
594	134	3.90E+01	3.15E+01	4.07E+01	5.09E+01	6.28E+01
595	220	5.99E+01	5.96E+01	7.76E+01	7.20E+01	5.23E+01
596	203	6.01E+01	6.32E+01	7.63E+01	8.06E+01	7.93E+01
597	87.7	5.55E+01	7.49E+01	4.23E+01	2.73E+01	2.48E+01
598	40.4	5.15E+01	6.53E+01	4.09E+01	4.14E+01	6.20E+01
599	41.6	4.77E+01	2.95E+01	2.21E+01	2.42E+01	1.81E+01
600	42.5	4.44E+01	5.58E+01	6.32E+01	7.54E+01	6.10E+01
601	31	4.17E+01	5.42E+01	4.26E+01	4.73E+01	5.83E+01
602	18.3	3.93E+01	3.56E+01	2.78E+01	3.17E+01	3.50E+01
603	18.4	3.76E+01	3.98E+01	4.06E+01	5.36E+01	6.29E+01
604	41.7	3.61E+01	3.24E+01	4.30E+01	5.19E+01	2.91E+01
605	101	3.50E+01	1.93E+01	1.62E+01	1.88E+01	2.71E+01
606	127	3.33E+01	2.69E+01	2.89E+01	3.44E+01	2.91E+01
607	121	3.27E+01	4.81E+01	5.55E+01	6.77E+01	9.35E+01
608	69.8	3.23E+01	4.47E+01	6.41E+01	4.35E+01	2.77E+01
609	42.6	3.16E+01	2.06E+01	1.88E+01	2.79E+01	2.70E+01
610	43.2	3.10E+01	4.48E+01	3.49E+01	3.26E+01	1.75E+01
611	44.8	3.02E+01	2.75E+01	3.36E+01	4.21E+01	3.69E+01
612	91.7	2.96E+01	3.30E+01	1.75E+01	2.42E+01	2.75E+01
613	96.7	2.87E+01	2.09E+01	1.56E+01	9.51E+00	1.12E+01
614	44.2	2.77E+01	4.03E+01	5.55E+01	3.17E+01	4.42E+01
615	44.2	2.66E+01	1.87E+01	1.44E+01	9.02E+00	1.01E+01
616	44.6	2.56E+01	3.19E+01	1.62E+01	1.71E+01	9.38E+00
617	44.7	2.45E+01	1.70E+01	9.90E+00	1.16E+01	1.00E+01
618	44	2.35E+01	2.05E+01	2.00E+01	1.76E+01	2.20E+01
619	67.7	2.25E+01	1.74E+01	1.88E+01	1.16E+01	1.23E+01
620	89	2.20E+01	2.67E+01	3.93E+01	5.13E+01	7.68E+01
621	88.6	2.16E+01	2.21E+01	2.02E+01	2.53E+01	1.34E+01
622	85.5	2.11E+01	2.79E+01	3.64E+01	3.04E+01	3.18E+01
623	89.1	2.04E+01	1.19E+01	1.05E+01	5.38E+00	7.28E+00
624	141	1.98E+01	2.80E+01	3.76E+01	2.17E+01	2.00E+01
625	172	1.94E+01	2.69E+01	2.55E+01	2.17E+01	1.32E+01
626	149	2.54E+01	2.57E+01	2.85E+01	3.31E+01	4.02E+01
627	152	2.55E+01	3.57E+01	2.63E+01	1.32E+01	9.47E+00
628	155	2.56E+01	2.09E+01	2.52E+01	3.73E+01	3.39E+01
629	156	2.58E+01	2.95E+01	1.60E+01	2.23E+01	2.85E+01
630	152	2.72E+01	1.93E+01	2.18E+01	1.12E+01	1.29E+01
631	142	2.79E+01	2.09E+01	2.49E+01	3.57E+01	3.86E+01
632	141	9.94E+01	1.17E+02	1.72E+02	9.37E+01	8.67E+01
633	163	1.11E+02	7.87E+01	7.99E+01	1.16E+02	8.69E+01
634	162	9.68E+01	1.40E+02	9.39E+01	8.14E+01	1.21E+02
635	131	8.30E+01	1.15E+02	1.11E+02	1.65E+02	1.60E+02
636	98.4	7.40E+01	8.10E+01	9.11E+01	5.51E+01	7.33E+01
637	97	6.89E+01	4.77E+01	6.52E+01	7.71E+01	8.75E+01
638	119	6.52E+01	5.10E+01	5.45E+01	7.90E+01	5.37E+01
639	118	6.11E+01	4.21E+01	5.08E+01	4.73E+01	4.71E+01
640	85	5.78E+01	7.87E+01	1.14E+02	1.52E+02	1.72E+02
641	78.2	5.42E+01	6.28E+01	6.07E+01	9.01E+01	1.03E+02
642	82.3	5.44E+01	3.25E+01	2.45E+01	2.17E+01	3.12E+01
643	51.5	5.50E+01	3.59E+01	2.00E+01	2.82E+01	1.52E+01
644	38.2	1.35E+02	1.27E+02	8.82E+01	6.77E+01	4.47E+01
645	129	1.38E+02	1.35E+02	1.19E+02	1.73E+02	2.50E+02
646	146	1.17E+02	1.70E+02	1.27E+02	1.30E+02	1.70E+02
647	125	1.01E+02	1.01E+02	1.52E+02	8.92E+01	5.28E+01
648	173	8.86E+01	7.54E+01	1.06E+02	7.43E+01	8.59E+01
649	132	8.01E+01	6.89E+01	9.62E+01	8.11E+01	7.06E+01
650	102	7.39E+01	6.41E+01	5.35E+01	4.51E+01	4.50E+01
651	37.9	6.86E+01	1.01E+02	6.43E+01	8.46E+01	6.02E+01
652	0	6.38E+01	8.22E+01	9.39E+01	9.33E+01	1.08E+02
653	32.3	5.91E+01	6.15E+01	9.04E+01	1.14E+02	1.22E+02
654	78.9	5.51E+01	6.06E+01	6.19E+01	8.63E+01	8.67E+01
655	71.9	5.13E+01	2.79E+01	1.67E+01	1.96E+01	1.21E+01
656	64.7	4.74E+01	3.89E+01	5.22E+01	3.94E+01	2.84E+01
657	26.3	4.46E+01	4.48E+01	5.35E+01	5.83E+01	3.48E+01
658	16.8	4.22E+01	2.45E+01	3.31E+01	3.31E+01	4.39E+01
659	58.4	4.03E+01	5.15E+01	5.82E+01	7.83E+01	1.15E+02
660	64.6	3.80E+01	5.16E+01	6.63E+01	5.20E+01	6.98E+01
661	43.7	3.62E+01	3.92E+01	2.34E+01	1.53E+01	1.63E+01
662	33.5	3.47E+01	4.09E+01	3.67E+01	4.83E+01	3.78E+01
663	34.7	3.38E+01	4.55E+01	2.54E+01	1.51E+01	1.75E+01
664	45.6	3.30E+01	1.98E+01	1.78E+01	1.62E+01	1.54E+01
665	43.8	3.23E+01	3.41E+01	3.18E+01	2.79E+01	1.43E+01
666	62.5	3.14E+01	1.88E+01	1.71E+01	2.36E+01	3.14E+01
667	63.5	4.38E+01	5.66E+01	8.08E+01	1.08E+02	1.32E+02
668	40.4	4.05E+01	4.28E+01	2.80E+01	2.96E+01	2.10E+01
669	41.3	3.65E+01	4.82E+01	6.28E+01	8.16E+01	6.86E+01
670	41.5	3.49E+01	1.77E+01	2.64E+01	2.92E+01	1.83E+01
671	41.5	3.36E+01	2.09E+01	1.23E+01	1.20E+01	6.13E+00
672	48.8	3.28E+01	4.23E+01	2.70E+01	1.62E+01	1.88E+01
673	57.3	3.20E+01	1.78E+01	1.32E+01	1.29E+01	1.00E+01
674	55.7	3.09E+01	4.16E+01	4.03E+01	2.04E+01	2.50E+01
675	64.5	5.17E+01	5.95E+01	6.99E+01	5.88E+01	5.75E+01
676	97.5	6.40E+01	7.07E+01	5.16E+01	5.31E+01	5.64E+01
677	143	6.16E+01	3.87E+01	1.94E+01	2.55E+01	2.10E+01
678	142	5.68E+01	3.47E+01	4.75E+01	3.88E+01	3.65E+01
679	129	5.37E+01	3.42E+01	2.22E+01	2.17E+01	2.13E+01
680	112	5.66E+01	4.77E+01	3.58E+01	2.24E+01	1.81E+01
681	102	5.94E+01	8.37E+01	1.11E+02	1.39E+02	1.82E+02
682	108	5.50E+01	4.40E+01	5.25E+01	3.63E+01	3.65E+01
683	106	5.02E+01	5.71E+01	5.01E+01	4.70E+01	5.23E+01
684	99.7	4.65E+01	3.09E+01	1.57E+01	2.06E+01	2.59E+01
685	38.1	4.60E+01	4.63E+01	5.26E+01	6.71E+01	6.04E+01
686	75.4	5.10E+01	2.71E+01	2.10E+01	1.17E+01	8.25E+00
687	118	4.82E+01	5.53E+01	7.52E+01	4.79E+01	4.64E+01
688	117	5.17E+01	6.22E+01	3.19E+01	1.76E+01	1.08E+01
689	134	4.86E+01	2.82E+01	2.83E+01	4.06E+01	3.45E+01
690	131	4.51E+01	6.67E+01	6.46E+01	6.00E+01	7.99E+01
691	114	4.22E+01	5.68E+01	6.55E+01	4.19E+01	5.19E+01
692	99	4.08E+01	4.96E+01	4.51E+01	6.17E+01	4.43E+01
693	68	4.44E+01	2.77E+01	3.58E+01	3.64E+01	3.64E+01
694	85.6	4.25E+01	3.50E+01	3.68E+01	5.30E+01	5.80E+01
695	170	4.02E+01	5.01E+01	5.44E+01	6.98E+01	7.89E+01
696	174	3.83E+01	4.36E+01	5.72E+01	6.64E+01	6.36E+01
697	151	3.67E+01	4.94E+01	5.94E+01	5.97E+01	4.16E+01
698	131	3.49E+01	1.99E+01	1.74E+01	1.31E+01	1.47E+01
699	61.1	3.33E+01	2.57E+01	1.86E+01	1.05E+01	8.64E+00
700	36.1	3.26E+01	2.02E+01	1.63E+01	1.70E+01	2.12E+01
701	73.7	3.21E+01	1.96E+01	1.15E+01	1.15E+01	7.93E+00
702	50.3	3.14E+01	4.01E+01	3.73E+01	4.21E+01	5.95E+01
703	38	3.11E+01	1.88E+01	1.55E+01	1.75E+01	1.08E+01
704	98.4	3.23E+01	4.72E+01	4.55E+01	3.37E+01	2.71E+01
705	98.2	3.14E+01	2.41E+01	3.18E+01	3.86E+01	2.65E+01
706	60.9	3.06E+01	3.21E+01	4.44E+01	2.67E+01	1.74E+01
707	46.3	3.01E+01	2.86E+01	3.53E+01	2.75E+01	2.71E+01
708	64.5	2.93E+01	4.11E+01	2.13E+01	3.06E+01	2.10E+01
709	77.6	2.85E+01	2.71E+01	3.75E+01	5.52E+01	3.19E+01
710	73.6	2.77E+01	2.57E+01	2.31E+01	1.67E+01	1.23E+01
711	28.5	2.71E+01	1.40E+01	1.03E+01	1.13E+01	8.21E+00
712	71.1	2.63E+01	1.37E+01	1.89E+01	2.38E+01	1.84E+01
713	86.5	2.54E+01	2.93E+01	3.68E+01	2.46E+01	1.43E+01
714	49.5	2.45E+01	2.40E+01	1.87E+01	2.39E+01	2.04E+01
715	30.3	2.36E+01	3.22E+01	3.76E+01	3.43E+01	3.65E+01
716	33.8	2.27E+01	3.33E+01	4.29E+01	3.65E+01	4.40E+01
717	57.5	2.24E+01	2.77E+01	3.67E+01	2.84E+01	3.53E+01
718	75	2.20E+01	2.21E+01	3.30E+01	1.81E+01	1.65E+01
719	74.8	2.15E+01	1.83E+01	2.42E+01	2.42E+01	1.59E+01
720	48.7	2.09E+01	2.84E+01	2.50E+01	2.19E+01	1.99E+01
721	21.9	2.03E+01	1.37E+01	1.56E+01	2.13E+01	1.96E+01
722	0	1.97E+01	1.10E+01	1.20E+01	9.94E+00	1.06E+01
723	0	1.89E+01	2.42E+01	2.83E+01	3.48E+01	4.63E+01
724	47.3	1.82E+01	1.95E+01	1.62E+01	1.33E+01	1.29E+01
725	78.9	1.76E+01	1.43E+01	1.93E+01	2.71E+01	1.37E+01
726	28.2	1.69E+01	1.53E+01	1.64E+01	1.69E+01	1.38E+01
727	22.7	1.62E+01	2.05E+01	1.58E+01	2.15E+01	1.27E+01
728	45.7	1.55E+01	1.63E+01	2.25E+01	3.01E+01	4.02E+01
729	25.5	1.49E+01	1.93E+01	1.83E+01	1.78E+01	1.52E+01
730	69.8	1.45E+01	1.67E+01	1.65E+01	1.20E+01	1.41E+01
731	79.7	1.43E+01	1.22E+01	6.50E+00	4.11E+00	5.91E+00
732	69.8	1.40E+01	1.02E+01	1.27E+01	7.69E+00	8.29E+00
733	25.9	1.37E+01	1.53E+01	1.23E+01	1.23E+01	1.32E+01
734	14.3	1.35E+01	1.52E+01	1.05E+01	6.81E+00	8.77E+00
735	39.2	1.33E+01	1.77E+01	1.23E+01	9.61E+00	1.43E+01
736	36.8	1.29E+01	8.98E+00	8.47E+00	1.19E+01	9.45E+00
737	24.9	1.26E+01	9.88E+00	1.07E+01	7.59E+00	6.98E+00
738	17.1	1.23E+01	1.08E+01	1.35E+01	1.09E+01	7.38E+00
739	18.7	1.19E+01	1.34E+01	1.43E+01	1.15E+01	7.78E+00
740	33.6	1.16E+01	1.37E+01	1.92E+01	1.67E+01	1.45E+01
741	29.4	1.12E+01	1.12E+01	8.13E+00	6.14E+00	7.39E+00
742	19.4	1.09E+01	8.97E+00	6.26E+00	5.72E+00	7.65E+00
743	20.1	1.05E+01	1.31E+01	7.05E+00	9.42E+00	5.19E+00
744	20.3	1.02E+01	8.50E+00	4.57E+00	3.58E+00	3.27E+00
745	66	9.81E+00	1.31E+01	8.46E+00	1.23E+01	1.29E+01
746	114	9.47E+00	7.80E+00	1.15E+01	1.71E+01	1.22E+01
747	89.8	9.13E+00	1.28E+01	1.22E+01	6.35E+00	6.62E+00
748	74.1	8.80E+00	9.55E+00	1.21E+01	8.60E+00	5.04E+00
749	28.4	8.47E+00	7.91E+00	6.95E+00	1.03E+01	5.69E+00
750	18.4	8.16E+00	6.13E+00	3.09E+00	3.71E+00	4.94E+00
751	77.7	7.85E+00	4.19E+00	4.90E+00	2.64E+00	3.35E+00
752	89.7	7.55E+00	6.52E+00	4.10E+00	4.82E+00	6.96E+00
753	72.3	7.28E+00	4.68E+00	2.85E+00	1.91E+00	2.79E+00
754	66.6	7.01E+00	1.02E+01	8.63E+00	1.16E+01	1.10E+01
755	62.7	6.74E+00	6.44E+00	9.61E+00	6.05E+00	8.43E+00
756	28.9	6.48E+00	9.45E+00	7.56E+00	4.79E+00	4.29E+00
757	0	6.23E+00	3.94E+00	3.43E+00	2.51E+00	1.96E+00
758	0	5.98E+00	5.05E+00	5.95E+00	4.26E+00	5.15E+00
759	50.3	5.73E+00	6.99E+00	9.77E+00	5.62E+00	3.81E+00
760	77.8	5.50E+00	5.78E+00	4.21E+00	3.36E+00	4.47E+00
761	73.8	5.27E+00	3.18E+00	2.14E+00	2.02E+00	2.00E+00
762	70	5.05E+00	7.20E+00	5.42E+00	6.70E+00	8.61E+00
763	66.1	5.17E+00	4.58E+00	5.86E+00	3.07E+00	3.74E+00
764	62.9	5.19E+00	3.66E+00	5.35E+00	3.28E+00	4.42E+00
765	60.1	5.20E+00	2.76E+00	3.77E+00	3.38E+00	3.93E+00
766	57	5.22E+00	6.74E+00	7.63E+00	1.09E+01	5.73E+00
767	54	5.24E+00	7.12E+00	5.59E+00	7.56E+00	6.36E+00
768	50.4	5.27E+00	7.86E+00	9.72E+00	8.39E+00	9.62E+00
769	48.4	5.29E+00	5.89E+00	8.61E+00	9.94E+00	8.32E+00
770	45.2	5.30E+00	6.79E+00	6.39E+00	7.92E+00	1.12E+01
771	42.6	5.30E+00	6.52E+00	8.01E+00	1.18E+01	1.23E+01
772	40.6	5.29E+00	7.69E+00	9.77E+00	5.30E+00	5.85E+00
773	40.6	5.46E+00	5.94E+00	8.48E+00	4.43E+00	3.67E+00
774	41.4	5.59E+00	3.79E+00	5.62E+00	3.28E+00	1.83E+00
775	41.2	5.64E+00	7.67E+00	7.73E+00	5.45E+00	8.13E+00
776	39.8	5.66E+00	7.22E+00	3.94E+00	2.51E+00	1.82E+00
777	50.4	5.65E+00	6.29E+00	8.84E+00	5.49E+00	3.42E+00
778	50.1	5.61E+00	6.63E+00	7.37E+00	1.10E+01	1.63E+01
779	47.6	5.53E+00	6.32E+00	4.21E+00	2.32E+00	1.61E+00
780	45.9	5.43E+00	5.58E+00	4.71E+00	4.63E+00	6.03E+00
781	46.7	5.31E+00	7.01E+00	6.45E+00	9.62E+00	1.37E+01
782	45.7	5.40E+00	3.17E+00	4.38E+00	5.91E+00	8.32E+00
783	44.8	5.38E+00	3.04E+00	1.73E+00	1.53E+00	1.06E+00
784	45.7	5.34E+00	3.86E+00	2.73E+00	1.99E+00	2.62E+00
785	44.1	5.29E+00	4.22E+00	4.73E+00	4.43E+00	3.10E+00
786	45	5.22E+00	3.82E+00	5.37E+00	6.56E+00	9.55E+00
787	44.5	5.14E+00	7.21E+00	8.34E+00	4.95E+00	4.06E+00
788	57.2	5.04E+00	7.47E+00	1.01E+01	9.97E+00	1.30E+01
789	60.6	4.94E+00	2.49E+00	2.52E+00	3.23E+00	4.41E+00
790	52.1	4.83E+00	7.15E+00	4.22E+00	5.42E+00	5.47E+00
791	51.8	4.71E+00	7.02E+00	5.16E+00	7.58E+00	4.28E+00
792	58.3	4.58E+00	5.87E+00	6.34E+00	5.43E+00	5.29E+00
793	54.5	4.45E+00	4.39E+00	4.08E+00	2.41E+00	1.49E+00
794	48.9	4.89E+00	3.83E+00	2.95E+00	1.83E+00	1.84E+00
795	44.4	5.13E+00	6.08E+00	6.11E+00	7.83E+00	6.49E+00
796	45.2	5.23E+00	4.78E+00	6.71E+00	8.97E+00	1.10E+01
797	47.3	6.27E+00	7.42E+00	1.11E+01	7.73E+00	8.26E+00
798	57.4	7.70E+00	8.18E+00	5.27E+00	5.72E+00	5.32E+00
799	64.6	8.88E+00	4.55E+00	5.86E+00	3.25E+00	1.99E+00
800	69.8	9.59E+00	7.44E+00	1.02E+01	1.18E+01	9.03E+00
801	72	1.00E+01	1.35E+01	1.50E+01	1.63E+01	1.08E+01
802	71.9	1.03E+01	1.19E+01	6.88E+00	7.02E+00	9.03E+00
803	69.6	1.04E+01	1.08E+01	1.51E+01	1.52E+01	1.69E+01
804	35.6	1.05E+01	6.33E+00	7.18E+00	1.01E+01	1.02E+01
805	24.1	1.06E+01	1.34E+01	7.65E+00	5.69E+00	7.04E+00
806	50.8	1.06E+01	1.02E+01	9.15E+00	8.98E+00	8.64E+00
807	62.4	1.07E+01	1.25E+01	1.09E+01	8.09E+00	7.53E+00
808	53.6	1.08E+01	8.30E+00	6.53E+00	7.53E+00	6.62E+00
809	49.9	1.08E+01	1.09E+01	1.22E+01	1.05E+01	8.08E+00
810	48.9	1.08E+01	7.22E+00	7.07E+00	7.32E+00	9.88E+00
811	50.5	1.08E+01	7.83E+00	6.96E+00	5.37E+00	4.37E+00
812	28.6	1.08E+01	1.51E+01	1.69E+01	2.25E+01	2.48E+01
813	37.8	1.07E+01	1.03E+01	9.04E+00	1.31E+01	1.59E+01
814	54.5	1.06E+01	1.33E+01	1.11E+01	1.14E+01	1.28E+01
815	22.3	1.05E+01	1.35E+01	1.28E+01	1.74E+01	1.34E+01
816	38.1	1.04E+01	5.63E+00	5.50E+00	6.50E+00	3.50E+00
817	63	1.03E+01	5.62E+00	7.50E+00	9.27E+00	7.34E+00
818	22.9	1.02E+01	1.14E+01	6.69E+00	9.83E+00	7.00E+00
819	0	1.01E+01	5.70E+00	5.02E+00	2.67E+00	1.50E+00
820	27.1	9.94E+00	1.15E+01	8.63E+00	6.28E+00	9.22E+00
821	45	9.81E+00	1.31E+01	1.59E+01	1.34E+01	1.05E+01
822	45	9.68E+00	7.10E+00	1.03E+01	1.42E+01	8.73E+00
823	94.7	2.36E+01	3.47E+01	4.62E+01	6.55E+01	8.64E+01
824	102	2.71E+01	1.72E+01	2.50E+01	1.73E+01	1.56E+01
825	91.2	2.46E+01	2.73E+01	2.93E+01	2.02E+01	2.56E+01
826	79.9	2.55E+02	1.74E+02	1.67E+02	9.26E+01	9.54E+01
827	254	4.67E+02	5.61E+02	6.84E+02	6.83E+02	8.44E+02
828	359	3.87E+02	2.74E+02	2.42E+02	1.75E+02	1.80E+02
829	332	2.90E+02	2.30E+02	3.14E+02	4.53E+02	5.07E+02
830	312	2.22E+02	1.68E+02	1.14E+02	1.33E+02	1.59E+02
831	288	1.77E+02	1.65E+02	2.01E+02	2.50E+02	1.65E+02
832	152	1.48E+02	1.77E+02	9.18E+01	9.31E+01	4.81E+01
833	79.2	1.28E+02	1.35E+02	1.91E+02	1.19E+02	1.00E+02
834	82.1	1.12E+02	1.57E+02	1.78E+02	2.60E+02	1.80E+02
835	82.7	9.93E+01	5.29E+01	4.32E+01	6.11E+01	7.45E+01
836	89	1.18E+02	9.20E+01	1.10E+02	1.02E+02	1.12E+02
837	85.7	1.12E+02	5.82E+01	3.12E+01	1.82E+01	1.28E+01
838	85	1.03E+02	1.32E+02	9.30E+01	9.20E+01	6.66E+01
839	84.9	9.42E+01	1.15E+02	8.66E+01	7.95E+01	4.27E+01
840	86.3	1.12E+02	1.54E+02	2.04E+02	1.99E+02	2.45E+02
841	165	1.52E+02	2.20E+02	2.23E+02	2.82E+02	1.65E+02
842	147	1.34E+02	1.80E+02	2.52E+02	3.24E+02	3.61E+02
843	79.9	1.70E+02	2.30E+02	3.09E+02	3.64E+02	4.39E+02
844	87.2	1.54E+02	2.16E+02	1.27E+02	9.21E+01	5.84E+01
845	170	1.32E+02	1.57E+02	2.18E+02	2.67E+02	2.05E+02
846	226	1.15E+02	1.14E+02	1.61E+02	1.32E+02	1.57E+02
847	145	1.03E+02	7.68E+01	9.44E+01	5.44E+01	6.55E+01
848	118	9.09E+01	1.02E+02	1.09E+02	1.48E+02	1.36E+02
849	123	8.18E+01	7.59E+01	6.46E+01	3.42E+01	3.50E+01
850	122	7.46E+01	9.73E+01	1.37E+02	1.12E+02	1.13E+02
851	112	6.84E+01	5.44E+01	4.13E+01	3.18E+01	3.09E+01
852	100	6.30E+01	4.13E+01	3.63E+01	5.13E+01	5.36E+01
853	94.3	6.29E+01	8.93E+01	1.17E+02	8.55E+01	9.07E+01
854	91.3	5.74E+01	3.08E+01	2.54E+01	3.65E+01	3.53E+01
855	87.9	5.36E+01	4.43E+01	4.21E+01	2.36E+01	1.21E+01
856	88.1	4.93E+01	5.05E+01	3.15E+01	2.92E+01	3.65E+01
857	87.3	4.83E+01	4.90E+01	3.86E+01	4.38E+01	3.25E+01
858	122	5.40E+01	3.15E+01	1.96E+01	1.34E+01	1.26E+01
859	179	5.17E+01	6.13E+01	4.45E+01	4.59E+01	3.70E+01
860	161	4.92E+01	7.21E+01	1.01E+02	6.42E+01	3.66E+01
861	103	4.59E+01	3.49E+01	4.87E+01	3.67E+01	1.86E+01
862	81	4.37E+01	2.61E+01	1.36E+01	1.02E+01	9.38E+00
863	83	4.16E+01	4.68E+01	6.17E+01	3.32E+01	3.76E+01
864	81.7	3.98E+01	3.31E+01	2.12E+01	2.62E+01	2.79E+01
865	84.9	4.59E+01	6.36E+01	9.48E+01	9.83E+01	1.10E+02
866	96.8	4.40E+01	5.23E+01	2.71E+01	2.33E+01	2.50E+01
867	38.5	4.10E+01	5.55E+01	6.51E+01	5.93E+01	3.20E+01
868	0	3.87E+01	2.98E+01	4.29E+01	5.04E+01	7.18E+01
869	0	3.71E+01	3.62E+01	3.95E+01	2.10E+01	3.14E+01
870	0	7.87E+01	5.31E+01	6.99E+01	8.72E+01	5.38E+01
871	71.5	8.08E+01	1.18E+02	1.19E+02	9.98E+01	5.99E+01
872	133	7.33E+01	4.15E+01	5.47E+01	3.11E+01	4.44E+01
873	166	6.63E+01	9.87E+01	9.43E+01	1.01E+02	1.44E+02
874	154	6.07E+01	5.24E+01	4.92E+01	5.35E+01	3.91E+01
875	114	5.61E+01	8.17E+01	1.17E+02	9.10E+01	1.13E+02
876	137	1.08E+02	5.79E+01	5.24E+01	5.45E+01	4.97E+01
877	259	1.41E+02	1.41E+02	1.47E+02	9.15E+01	1.17E+02
878	267	1.21E+02	1.58E+02	2.30E+02	1.93E+02	1.13E+02
879	270	1.02E+02	5.31E+01	7.74E+01	1.12E+02	6.33E+01
880	177	8.64E+01	5.98E+01	8.82E+01	4.77E+01	4.47E+01
881	106	7.49E+01	1.03E+02	1.42E+02	1.29E+02	1.71E+02
882	152	6.88E+01	8.96E+01	1.33E+02	1.09E+02	1.22E+02
883	221	1.35E+02	6.81E+01	9.36E+01	1.33E+02	1.13E+02
884	203	2.02E+02	1.01E+02	1.24E+02	1.71E+02	1.26E+02
885	197	1.83E+02	1.01E+02	1.29E+02	7.26E+01	7.35E+01
886	206	1.50E+02	1.24E+02	1.67E+02	1.78E+02	1.13E+02
887	103	1.24E+02	8.65E+01	7.41E+01	7.24E+01	4.01E+01
888	43.4	1.08E+02	1.06E+02	1.05E+02	9.69E+01	5.38E+01
889	133	1.01E+02	9.33E+01	5.16E+01	2.79E+01	4.00E+01
890	157	9.17E+01	4.71E+01	5.39E+01	5.67E+01	3.35E+01
891	130	8.40E+01	1.13E+02	9.18E+01	4.75E+01	3.51E+01
892	126	7.83E+01	5.74E+01	5.42E+01	5.40E+01	5.76E+01
893	124	7.88E+01	8.62E+01	7.46E+01	6.04E+01	5.65E+01
894	133	7.30E+01	1.02E+02	1.16E+02	8.03E+01	9.87E+01
895	137	6.66E+01	6.18E+01	5.86E+01	6.26E+01	6.23E+01
896	133	6.09E+01	6.18E+01	7.36E+01	9.90E+01	1.03E+02
897	124	5.65E+01	5.84E+01	6.06E+01	7.63E+01	8.24E+01
898	73.2	5.17E+01	7.33E+01	1.08E+02	5.66E+01	5.17E+01
899	44.3	4.79E+01	3.47E+01	2.96E+01	3.69E+01	4.46E+01
900	59.7	4.53E+01	4.30E+01	3.90E+01	2.25E+01	2.50E+01
901	120	3.32E+02	3.42E+02	2.12E+02	2.20E+02	2.37E+02
902	300	3.63E+02	3.16E+02	2.56E+02	2.07E+02	2.30E+02
903	406	2.99E+02	2.75E+02	3.21E+02	4.12E+02	3.48E+02
904	339	2.35E+02	2.74E+02	1.52E+02	1.38E+02	1.63E+02
905	270	1.87E+02	2.05E+02	1.28E+02	1.06E+02	7.48E+01
906	230	1.75E+02	1.53E+02	1.22E+02	1.12E+02	1.64E+02
907	196	1.84E+02	2.21E+02	3.16E+02	2.83E+02	2.84E+02
908	179	2.49E+02	3.72E+02	2.09E+02	2.79E+02	3.68E+02
909	151	2.97E+02	3.23E+02	1.67E+02	2.06E+02	1.78E+02
910	245	3.28E+02	2.36E+02	1.19E+02	9.99E+01	6.84E+01
911	322	2.68E+02	4.02E+02	4.29E+02	3.53E+02	3.55E+02
912	279	5.86E+02	7.07E+02	4.47E+02	5.92E+02	6.04E+02
913	411	9.43E+02	1.39E+03	9.49E+02	8.87E+02	1.16E+03
914	683	9.44E+02	9.14E+02	1.07E+03	6.55E+02	8.60E+02
915	721	9.55E+02	5.07E+02	4.66E+02	6.70E+02	4.26E+02
916	653	7.98E+02	1.05E+03	1.16E+03	7.07E+02	4.75E+02
917	509	1.04E+03	1.55E+03	1.75E+03	2.03E+03	2.74E+03
918	528	9.39E+02	5.93E+02	3.79E+02	4.43E+02	5.62E+02
919	620	7.55E+02	8.53E+02	8.02E+02	7.90E+02	5.06E+02
920	533	6.30E+02	6.68E+02	4.10E+02	4.13E+02	3.36E+02
921	321	5.25E+02	4.43E+02	5.38E+02	4.78E+02	3.72E+02
922	235	4.42E+02	6.50E+02	3.68E+02	3.06E+02	1.78E+02
923	187	3.84E+02	4.07E+02	2.20E+02	2.00E+02	1.98E+02
924	155	3.21E+02	2.32E+02	2.68E+02	2.45E+02	2.05E+02
925	138	4.42E+02	5.01E+02	7.08E+02	9.77E+02	1.14E+03
926	247	4.64E+02	2.55E+02	1.60E+02	1.31E+02	1.16E+02
927	334	5.11E+02	4.79E+02	4.65E+02	6.41E+02	4.33E+02
928	337	4.59E+02	3.23E+02	2.96E+02	3.27E+02	4.03E+02
929	257	3.85E+02	3.92E+02	5.12E+02	7.31E+02	1.09E+03
930	249	4.19E+02	5.70E+02	3.02E+02	1.88E+02	1.04E+02
931	269	8.04E+02	9.38E+02	5.46E+02	4.72E+02	6.71E+02
932	399	1.07E+03	8.74E+02	1.26E+03	6.78E+02	6.60E+02
933	507	9.89E+02	8.36E+02	6.07E+02	4.78E+02	2.58E+02
934	405	8.04E+02	1.09E+03	5.97E+02	5.39E+02	7.01E+02
935	253	6.96E+02	7.76E+02	6.20E+02	7.17E+02	3.97E+02
936	116	5.63E+02	5.81E+02	4.26E+02	4.99E+02	3.22E+02
937	90.6	4.54E+02	4.12E+02	4.59E+02	6.72E+02	4.98E+02
938	65.2	3.73E+02	4.48E+02	4.27E+02	3.03E+02	1.89E+02
939	46.9	3.13E+02	2.43E+02	1.62E+02	1.09E+02	1.18E+02
940	46.6	2.67E+02	1.69E+02	1.31E+02	1.38E+02	8.69E+01
941	45.4	2.31E+02	3.08E+02	2.26E+02	1.50E+02	1.10E+02
942	39.3	2.02E+02	1.70E+02	1.87E+02	1.78E+02	1.75E+02
943	22.4	1.79E+02	1.65E+02	1.15E+02	1.18E+02	6.49E+01
944	42.4	1.59E+02	2.05E+02	2.31E+02	2.78E+02	3.21E+02
945	43.9	2.25E+02	1.26E+02	1.26E+02	1.76E+02	1.41E+02
946	86.1	3.45E+02	3.00E+02	2.38E+02	1.41E+02	8.54E+01
947	205	3.60E+02	2.81E+02	1.57E+02	8.82E+01	1.27E+02
948	271	3.24E+02	2.64E+02	1.73E+02	2.30E+02	1.98E+02
949	283	2.75E+02	1.50E+02	2.01E+02	2.80E+02	3.52E+02
950	276	2.29E+02	1.62E+02	1.96E+02	1.84E+02	1.48E+02
951	249	2.00E+02	1.53E+02	2.12E+02	1.42E+02	9.95E+01
952	244	1.74E+02	2.17E+02	2.88E+02	4.06E+02	3.44E+02
953	211	1.52E+02	1.19E+02	1.59E+02	8.22E+01	5.11E+01
954	168	1.35E+02	1.27E+02	1.42E+02	2.13E+02	1.75E+02
955	106	1.21E+02	1.18E+02	1.41E+02	1.98E+02	2.18E+02
956	81.1	1.10E+02	1.27E+02	1.02E+02	7.84E+01	7.82E+01
957	83	1.01E+02	8.13E+01	1.10E+02	1.45E+02	1.22E+02
958	81	9.35E+01	7.45E+01	5.82E+01	6.55E+01	5.53E+01
959	76	8.68E+01	7.43E+01	8.27E+01	9.55E+01	8.48E+01
960	45	8.05E+01	1.19E+02	1.21E+02	7.71E+01	1.10E+02
961	15.2	7.42E+01	1.03E+02	6.74E+01	1.01E+02	8.02E+01
962	15.9	6.85E+01	7.23E+01	9.93E+01	1.01E+02	9.90E+01
963	16.4	6.36E+01	7.54E+01	4.34E+01	2.28E+01	1.29E+01
964	18	5.82E+01	3.55E+01	5.32E+01	6.59E+01	3.50E+01
965	24	5.38E+01	6.59E+01	3.85E+01	4.53E+01	4.47E+01
966	109	4.95E+01	3.65E+01	3.26E+01	3.88E+01	1.99E+01
967	144	4.56E+01	6.80E+01	8.06E+01	4.66E+01	6.68E+01
968	140	4.31E+01	5.67E+01	4.13E+01	5.41E+01	7.64E+01
969	154	4.21E+01	2.59E+01	1.41E+01	1.41E+01	1.26E+01
970	161	4.04E+01	5.28E+01	7.60E+01	4.96E+01	4.92E+01
971	152	3.87E+01	5.02E+01	5.37E+01	6.43E+01	4.98E+01
972	101	3.72E+01	5.54E+01	3.44E+01	4.85E+01	6.20E+01
973	81.3	3.55E+01	5.10E+01	4.47E+01	2.48E+01	3.23E+01
974	58.3	3.41E+01	2.31E+01	3.46E+01	4.93E+01	5.95E+01
975	45	3.28E+01	2.42E+01	1.60E+01	1.97E+01	2.86E+01
976	46.8	3.23E+01	2.46E+01	1.94E+01	1.37E+01	2.05E+01
977	46.6	3.16E+01	3.35E+01	3.82E+01	4.12E+01	2.92E+01
978	119	3.11E+01	4.26E+01	4.13E+01	6.12E+01	6.33E+01
979	162	3.06E+01	3.44E+01	1.91E+01	2.40E+01	2.45E+01
980	147	2.99E+01	4.03E+01	5.72E+01	6.62E+01	7.85E+01
981	98.7	2.89E+01	3.62E+01	4.64E+01	3.28E+01	4.82E+01
982	80.8	2.81E+01	4.20E+01	4.14E+01	5.18E+01	6.24E+01
983	119	2.78E+01	1.42E+01	2.01E+01	1.99E+01	2.39E+01
984	138	2.67E+01	3.14E+01	4.56E+01	4.81E+01	4.98E+01
985	132	2.57E+01	2.02E+01	2.70E+01	1.89E+01	9.92E+00
986	97.5	2.48E+01	1.29E+01	1.12E+01	8.74E+00	6.32E+00
987	78.8	2.37E+01	2.16E+01	3.10E+01	4.34E+01	3.38E+01
988	118	2.27E+01	1.41E+01	1.70E+01	9.69E+00	1.20E+01
989	128	2.22E+01	2.46E+01	1.33E+01	1.23E+01	1.04E+01
990	115	2.18E+01	1.85E+01	2.33E+01	1.97E+01	2.86E+01
991	60	2.14E+01	1.76E+01	1.17E+01	1.32E+01	1.62E+01
992	12.7	2.07E+01	1.65E+01	1.90E+01	1.66E+01	1.30E+01
993	0	2.00E+01	2.38E+01	1.50E+01	1.65E+01	2.41E+01
994	12.7	1.93E+01	1.10E+01	6.42E+00	8.73E+00	1.09E+01
995	0	1.85E+01	1.08E+01	1.22E+01	1.37E+01	1.90E+01
996	0	1.78E+01	2.26E+01	2.73E+01	3.59E+01	2.54E+01
997	0	1.70E+01	1.11E+01	6.56E+00	6.00E+00	6.73E+00
998	0	1.63E+01	9.06E+00	1.22E+01	1.40E+01	1.61E+01
999	0	1.55E+01	1.97E+01	1.55E+01	1.64E+01	1.99E+01
1000	28.2	1.48E+01	7.78E+00	8.65E+00	7.30E+00	9.14E+00
1001	46.1	1.44E+01	8.05E+00	7.75E+00	7.75E+00	9.83E+00
1002	36.7	1.42E+01	1.93E+01	1.23E+01	9.86E+00	9.66E+00
1003	35.6	1.40E+01	9.85E+00	1.38E+01	1.61E+01	1.47E+01
1004	24.9	1.36E+01	1.71E+01	1.15E+01	1.63E+01	1.59E+01
1005	17.4	1.32E+01	7.61E+00	7.82E+00	6.97E+00	9.56E+00
1006	16.9	1.28E+01	1.36E+01	8.80E+00	4.90E+00	7.23E+00
1007	16.5	1.23E+01	1.45E+01	1.20E+01	1.05E+01	1.32E+01
1008	16.3	1.19E+01	1.28E+01	9.64E+00	6.34E+00	5.92E+00
1009	6.07	1.14E+01	1.13E+01	1.29E+01	1.33E+01	1.01E+01
1010	0	1.10E+01	7.08E+00	1.05E+01	8.17E+00	6.30E+00
1011	0	1.06E+01	7.60E+00	6.75E+00	5.87E+00	7.89E+00
1012	0	1.01E+01	1.06E+01	1.19E+01	7.11E+00	9.94E+00
1013	0	9.70E+00	5.77E+00	7.72E+00	4.36E+00	3.58E+00
1014	0	9.29E+00	1.38E+01	9.10E+00	4.60E+00	5.36E+00
1015	0	8.90E+00	6.77E+00	6.89E+00	4.79E+00	3.13E+00
1016	0	8.52E+00	8.49E+00	7.79E+00	4.62E+00	4.29E+00
1017	0	8.16E+00	6.00E+00	6.90E+00	3.73E+00	2.09E+00
1018	0	7.81E+00	6.27E+00	4.67E+00	3.88E+00	5.50E+00
1019	0	7.48E+00	8.78E+00	9.91E+00	9.57E+00	7.49E+00
1020	0	7.16E+00	7.44E+00	5.44E+00	3.50E+00	1.98E+00
1021	0	6.84E+00	9.66E+00	9.87E+00	1.19E+01	1.43E+01
1022	24	6.54E+00	7.11E+00	7.41E+00	9.45E+00	5.18E+00
1023	44.4	6.29E+00	9.24E+00	6.92E+00	5.57E+00	6.67E+00
1024	43.7	7.41E+00	1.06E+01	6.76E+00	4.80E+00	3.82E+00
1025	44.7	8.20E+00	7.31E+00	5.20E+00	6.18E+00	8.64E+00
1026	45	8.66E+00	1.04E+01	1.05E+01	1.12E+01	1.03E+01
1027	44.6	8.95E+00	1.01E+01	5.23E+00	6.82E+00	6.54E+00
1028	44.9	9.22E+00	1.30E+01	1.33E+01	1.08E+01	9.75E+00
1029	44.6	1.15E+01	6.62E+00	9.45E+00	1.11E+01	1.42E+01
1030	48.1	1.18E+01	1.56E+01	1.70E+01	2.54E+01	3.36E+01
1031	50.9	1.19E+01	6.95E+00	8.77E+00	1.07E+01	6.18E+00
1032	51.7	1.38E+01	1.02E+01	1.18E+01	1.45E+01	1.57E+01
1033	50.5	1.75E+01	1.09E+01	1.31E+01	1.55E+01	1.06E+01
1034	52.7	2.71E+01	3.38E+01	2.67E+01	2.18E+01	3.18E+01
1035	170	3.11E+01	3.98E+01	3.85E+01	5.35E+01	7.87E+01
1036	227	3.18E+01	1.67E+01	1.21E+01	1.40E+01	9.86E+00
1037	214	3.22E+01	4.73E+01	2.58E+01	1.33E+01	1.86E+01
1038	195	3.30E+01	3.74E+01	2.78E+01	1.83E+01	2.65E+01
1039	128	3.34E+01	3.36E+01	3.28E+01	2.89E+01	1.93E+01
1040	91.3	3.35E+01	2.63E+01	1.36E+01	8.14E+00	5.36E+00
1041	91.7	3.82E+01	5.37E+01	3.60E+01	3.19E+01	4.57E+01
1042	93.2	1.05E+02	1.42E+02	1.59E+02	1.51E+02	1.40E+02
1043	171	1.56E+02	1.81E+02	9.17E+01	1.08E+02	1.08E+02
1044	238	1.47E+02	1.24E+02	1.14E+02	1.38E+02	1.91E+02
1045	270	1.24E+02	1.05E+02	1.38E+02	1.05E+02	8.78E+01
1046	210	1.05E+02	8.50E+01	5.41E+01	7.66E+01	8.74E+01
1047	137	9.20E+01	4.89E+01	5.05E+01	6.91E+01	4.14E+01
1048	138	8.28E+01	8.27E+01	1.05E+02	1.13E+02	1.61E+02
1049	194	7.65E+01	9.30E+01	5.19E+01	4.59E+01	4.17E+01
1050	159	7.17E+01	7.08E+01	1.03E+02	1.43E+02	1.88E+02
1051	110	6.67E+01	3.77E+01	2.46E+01	2.62E+01	3.25E+01
1052	45.4	6.42E+01	4.52E+01	4.62E+01	4.90E+01	3.22E+01
1053	0	5.98E+01	8.19E+01	1.17E+02	6.03E+01	6.18E+01
1054	0	5.50E+01	4.20E+01	3.60E+01	5.20E+01	4.26E+01
1055	0	5.11E+01	4.47E+01	5.45E+01	2.84E+01	3.39E+01
1056	108	4.74E+01	3.43E+01	5.06E+01	2.98E+01	3.70E+01
1057	176	5.20E+01	4.69E+01	2.91E+01	3.04E+01	4.19E+01
1058	133	4.91E+01	3.15E+01	1.96E+01	1.98E+01	2.96E+01
1059	116	4.57E+01	6.03E+01	8.79E+01	6.52E+01	3.95E+01
1060	107	4.28E+01	4.61E+01	4.11E+01	3.07E+01	2.95E+01
1061	94.9	4.04E+01	5.10E+01	4.78E+01	2.98E+01	3.22E+01
1062	82.8	3.82E+01	4.67E+01	4.63E+01	4.92E+01	3.07E+01
1063	31.2	3.62E+01	2.15E+01	2.07E+01	2.86E+01	1.44E+01
1064	21.8	3.49E+01	5.06E+01	7.26E+01	3.75E+01	3.56E+01
1065	39.1	3.39E+01	2.18E+01	1.15E+01	1.07E+01	8.13E+00
1066	40	3.31E+01	2.89E+01	2.03E+01	1.08E+01	1.49E+01
1067	40.6	3.24E+01	3.26E+01	4.43E+01	2.46E+01	3.63E+01
1068	40.5	3.15E+01	2.67E+01	2.51E+01	1.47E+01	9.76E+00
1069	41	3.03E+01	3.23E+01	3.75E+01	3.96E+01	3.93E+01
1070	41.5	2.93E+01	3.86E+01	3.40E+01	4.72E+01	6.89E+01
1071	41.4	2.81E+01	3.56E+01	4.42E+01	3.51E+01	5.04E+01
1072	40.7	2.69E+01	1.42E+01	1.52E+01	1.02E+01	1.18E+01
1073	40	2.56E+01	2.33E+01	3.10E+01	4.08E+01	5.87E+01
1074	39.2	2.43E+01	2.65E+01	3.30E+01	4.95E+01	5.03E+01
1075	39.8	2.31E+01	1.82E+01	1.77E+01	1.92E+01	1.85E+01
1076	39.6	2.22E+01	2.64E+01	1.48E+01	1.94E+01	1.90E+01
1077	39.9	2.22E+01	2.75E+01	3.46E+01	2.54E+01	2.71E+01
1078	40.3	2.18E+01	2.61E+01	2.86E+01	2.51E+01	3.34E+01
1079	40.6	2.12E+01	2.32E+01	1.83E+01	1.41E+01	1.86E+01
1080	38.8	2.05E+01	1.86E+01	1.36E+01	7.92E+00	9.61E+00
1081	36.9	1.98E+01	1.54E+01	1.57E+01	1.62E+01	1.40E+01
1082	38.2	1.90E+01	2.36E+01	3.29E+01	3.17E+01	3.49E+01
1083	39.1	1.82E+01	1.99E+01	2.59E+01	1.72E+01	2.00E+01
1084	39.9	1.75E+01	1.89E+01	9.76E+00	6.55E+00	8.94E+00
1085	41	2.28E+01	2.25E+01	3.09E+01	2.44E+01	2.09E+01
1086	44.4	2.20E+01	2.30E+01	1.53E+01	1.61E+01	8.30E+00
1087	48	2.09E+01	2.39E+01	3.56E+01	5.19E+01	4.62E+01
1088	51.2	2.02E+01	2.00E+01	1.14E+01	1.23E+01	6.96E+00
1089	52.9	2.12E+01	2.70E+01	2.84E+01	1.90E+01	1.23E+01
1090	55.3	2.17E+01	2.29E+01	1.41E+01	7.88E+00	5.40E+00
1091	84.1	2.14E+01	2.69E+01	3.09E+01	2.86E+01	3.19E+01
1092	103	2.13E+01	2.10E+01	1.55E+01	1.11E+01	7.95E+00
1093	99	2.14E+01	1.29E+01	7.73E+00	9.03E+00	7.49E+00
1094	147	2.16E+01	1.13E+01	1.33E+01	1.89E+01	2.43E+01
1095	105	2.21E+01	3.09E+01	3.04E+01	3.57E+01	5.09E+01
1096	73.1	2.24E+01	3.01E+01	2.59E+01	3.80E+01	3.44E+01